param : rimes :=
1850 0
163 0
109 0
12 0
520 0
47 0
345 0
425 0
426 0
3359 0
54 0
428 0
1114 0
430 0
127 0
846 0
881 1
2270 2
110 3
3714 4
94 4
1788 4
1976 5
116 6
957 7
1220 7
2440 7
3775 7
198 7
1846 7
2195 7
1227 7
1301 7
3064 7
3543 7
2460 7
1293 7
2331 7
2664 7
210 7
508 7
2818 7
1130 7
1128 7
2343 7
2347 7
1199 7
1470 7
2530 7
591 7
1205 7
530 7
1210 7
2365 7
1212 7
2273 7
6 8
3786 8
2010 9
1935 10
1617 10
605 10
2338 11
1115 11
2382 11
1108 11
3980 11
2378 11
93 12
2570 13
978 14
1618 14
1876 14
2337 15
1527 15
2644 15
1662 15
1734 15
831 15
1725 15
1558 15
572 15
2704 15
2706 15
135 15
1524 16
3558 16
3068 16
693 16
1529 16
402 17
2031 17
284 17
649 18
2059 18
3081 19
1520 20
3642 20
1632 20
148 21
1394 21
2408 22
340 23
803 23
3581 23
1428 24
1736 24
3393 24
590 25
3610 26
2786 26
1964 26
1451 26
1540 27
1329 27
3850 28
2069 28
2144 28
2254 29
2251 29
1902 29
1752 29
554 29
1196 30
3180 31
2762 31
3693 31
1208 31
3591 31
3367 31
998 31
659 31
10 32
2013 33
471 34
2522 35
387 36
2859 36
3216 37
3131 37
2675 37
4064 37
865 37
3985 37
872 37
3861 37
3976 37
17 38
91 38
2838 39
3865 39
67 39
22 39
4024 39
3603 40
217 41
332 41
40 41
521 41
3841 41
526 42
1719 43
3762 43
221 44
3493 44
3881 44
1630 44
20 45
8 45
884 46
524 46
362 46
158 47
2455 47
183 47
70 48
168 48
330 48
14 48
3885 49
69 50
272 50
123 50
3234 51
431 52
1160 53
641 54
84 55
1685 56
1336 56
1112 56
3540 57
3079 57
2170 58
1479 59
1439 59
931 59
2285 60
3712 60
2908 60
122 61
3480 62
896 62
1864 63
3554 63
3236 63
1419 63
3379 63
2329 63
3188 63
2960 63
1919 64
1860 64
928 65
274 66
27 66
60 66
1359 67
4003 67
656 67
1809 67
1424 68
3342 68
3341 68
3638 68
2681 68
287 68
3901 68
1836 68
1477 68
2462 68
3344 68
2120 68
3077 68
1420 68
1255 68
2302 68
1671 68
1665 68
2298 68
786 68
289 68
1323 68
3388 68
1327 68
58 68
4016 69
4019 69
192 69
1616 70
686 71
2356 71
2141 71
1450 71
1865 72
2128 72
220 73
467 73
625 74
2345 74
2047 74
1988 75
206 76
3308 77
1968 78
2683 78
3832 78
3878 78
2687 78
4076 78
2598 78
2597 78
1899 78
4096 78
2580 78
2098 78
3319 78
1881 78
2578 78
1937 78
3849 78
3911 78
2015 78
2824 78
2825 78
3909 78
1508 78
2697 78
1504 78
176 78
2688 78
2539 79
1672 79
2677 80
1024 80
1770 80
1418 80
403 80
2350 80
1704 80
1061 80
2525 81
2557 82
1390 82
1590 83
2882 84
1652 85
1866 86
517 86
2401 86
3531 86
1135 87
2395 88
2773 89
2334 90
506 91
3683 91
587 91
926 92
2967 93
3288 94
2933 95
134 96
1578 97
64 97
1463 97
972 97
2830 97
1434 97
421 97
2160 98
74 98
731 99
1281 99
3271 100
1716 100
1510 100
1722 100
1515 100
3053 101
1304 102
4101 102
1692 102
3424 102
3529 102
3096 103
500 103
1689 103
1656 104
3520 104
595 105
1374 106
3750 107
207 107
1133 108
3569 108
1550 109
3118 110
1494 111
3009 112
3919 113
1489 113
4056 113
1779 114
2441 114
3144 114
1417 114
1785 114
1791 114
304 115
3018 115
2034 115
3403 115
412 115
3374 115
1089 115
2624 115
4048 115
2626 115
298 115
571 115
2600 115
2690 115
1925 116
3030 117
1409 118
1783 118
3499 118
1542 118
208 118
3470 118
1360 118
711 119
1688 120
1744 121
2583 121
129 121
3606 121
3247 121
4026 121
1772 121
1213 121
1793 122
2021 123
131 124
2841 124
861 125
1563 126
934 126
2248 127
2591 127
496 127
3109 127
325 128
1338 129
3811 130
2218 130
1670 130
3676 130
974 130
470 130
1313 130
1679 130
2791 130
1318 130
980 130
465 130
2327 131
2223 131
2996 131
3104 132
897 132
523 132
1223 133
361 133
760 134
3765 134
2753 134
2769 135
408 136
3434 137
248 138
244 138
3580 139
2040 139
1141 139
1068 140
714 141
3839 141
2887 142
1586 142
1320 143
2763 143
1118 143
3715 143
1429 143
3921 143
1111 143
606 144
1635 145
4044 145
4002 146
257 147
164 147
3290 148
510 149
514 149
2538 149
535 150
150 151
628 152
166 153
1804 154
2104 154
1714 155
851 156
474 156
2402 156
4013 156
3846 156
3566 156
2738 156
1303 156
1811 156
2137 156
2259 156
51 156
3809 156
838 156
2494 156
396 156
3027 156
1967 156
3578 156
746 157
1973 157
3705 157
3286 157
2271 157
1491 157
749 157
3398 157
1980 157
2500 157
1296 157
1983 157
1164 157
2136 157
3047 157
1300 157
2735 157
1168 157
1291 157
3478 157
3744 157
2665 157
1966 157
449 157
1183 157
448 157
2640 157
1191 157
1190 157
2478 157
2532 157
3257 157
1057 157
2700 157
2354 157
3713 157
3389 157
1750 157
3025 157
1797 157
2485 157
3405 158
1431 158
2444 158
1008 158
1437 158
1048 158
2596 158
2870 158
2594 158
1955 158
2866 158
1954 158
2670 158
3410 158
2993 158
1104 158
2943 158
2875 158
2669 158
2182 158
1046 158
1895 158
3370 158
3439 158
1817 158
1936 158
705 158
2107 158
3259 158
1059 158
1678 158
2111 158
377 158
3596 158
1083 158
832 158
772 158
358 158
2835 158
1681 158
2085 158
296 158
600 158
2426 158
2004 159
790 160
3460 160
1075 161
1389 162
3263 163
2407 164
3724 165
2784 165
3843 166
1753 167
258 168
3607 168
390 168
2658 169
1487 169
1843 169
181 170
4072 171
1148 172
2030 172
1288 173
866 173
575 173
3042 174
3261 174
3570 175
1258 175
189 176
130 176
464 176
322 177
3467 178
1708 178
3842 178
3044 178
3670 178
2605 179
324 180
174 180
3462 181
3464 181
2403 182
583 183
1299 183
3481 183
2032 184
2991 184
3524 184
2432 184
2439 184
3289 184
2618 184
2858 184
2436 184
16 184
2186 184
2052 184
263 184
2326 184
1786 184
2727 184
24 184
3412 184
3411 184
2029 184
2061 184
3138 184
173 184
1739 184
794 184
4045 184
2109 184
1747 184
2357 184
1990 184
2968 184
1989 184
3296 184
542 184
2362 184
1275 184
3049 184
2808 184
3456 184
4001 184
3343 184
338 184
1156 184
2506 184
1697 184
3040 184
2803 184
348 184
2804 184
3473 184
624 184
3896 184
1834 184
4030 184
3895 184
3345 184
1724 184
3062 184
2392 184
2300 184
3128 184
3252 184
3360 184
2294 184
585 184
3008 184
382 184
3737 184
2892 184
2898 184
1805 184
1932 184
3992 184
1319 184
2026 185
1432 186
3193 187
1746 188
2929 189
2041 189
483 190
728 191
725 191
1378 192
2017 193
4067 193
2468 193
1388 194
3479 194
1403 194
2309 194
1422 194
3701 194
776 194
549 195
2946 196
184 197
31 197
2874 197
2213 198
560 199
3838 200
3988 201
38 201
3964 201
2971 202
3082 203
923 203
1541 203
2601 203
930 203
1259 204
2193 205
969 206
1561 206
2910 206
2899 207
2063 207
1375 208
518 208
3432 208
92 208
9 208
690 208
13 208
756 208
2261 209
2740 210
1771 211
2192 211
675 211
740 211
567 211
1837 211
2868 211
2019 211
2796 211
1176 211
992 211
2397 211
239 211
169 211
1185 211
3559 211
855 211
580 211
2783 211
43 211
3560 211
983 211
835 211
357 211
1149 211
3653 211
1994 212
321 213
806 214
469 215
1842 215
2117 216
2560 216
1462 216
1465 216
3122 217
3322 217
3258 218
2237 219
1067 220
3134 220
2984 220
2708 220
3847 220
2292 220
419 220
2215 220
1165 220
3213 221
328 221
1707 222
2888 223
2173 223
2941 223
3407 224
312 224
228 224
3238 225
190 226
3978 227
3067 228
1036 229
81 229
2459 230
375 230
2631 230
2318 230
2087 231
1658 232
3882 233
2463 234
3421 235
2837 236
3685 236
342 237
2902 237
4053 237
2174 237
1435 237
1283 237
634 237
2756 237
1789 237
1285 237
2188 238
3677 239
2895 239
153 240
216 240
1218 240
213 240
3059 240
2531 240
1623 240
3828 241
3242 242
3273 243
691 244
2450 245
2709 245
875 245
1122 246
3798 247
4108 248
3813 249
3553 250
3831 250
1650 251
2162 252
3829 253
3437 254
2778 254
1626 254
2798 254
354 254
2952 254
355 254
644 254
4091 254
2427 254
2340 255
1066 256
1593 256
2666 256
1043 256
1538 256
2588 257
1829 257
1062 258
2006 259
3119 259
3799 259
1060 259
2488 260
2405 261
2973 261
2512 261
3433 262
3176 263
2573 264
3943 264
3579 265
3026 266
1493 267
3101 267
1310 267
3848 267
2419 267
280 267
3441 267
643 267
275 268
1915 268
1640 268
1458 268
307 268
2283 268
3221 268
3361 268
1813 268
2517 268
1063 268
2258 268
684 269
2159 270
3114 271
2020 271
3925 272
3275 272
3667 273
2373 274
407 274
1371 275
2453 276
2527 277
42 278
3899 279
1526 280
3168 280
433 281
688 281
1410 282
730 282
1461 282
486 282
809 282
1928 282
956 283
1404 283
1401 283
3045 284
3304 284
807 285
1334 285
615 286
3121 286
276 287
1162 287
1095 287
3097 288
2613 288
2814 288
2812 288
1970 288
3223 288
3331 288
401 288
1012 288
2807 288
132 288
2045 288
2616 288
672 288
1910 288
1979 288
1957 288
696 288
813 288
3074 288
265 288
3060 288
1940 288
985 288
1941 288
3195 288
96 288
3190 288
2710 288
1948 288
1949 288
1741 288
1944 288
1867 288
2558 288
3454 288
1923 288
1922 288
3377 288
2633 288
3380 288
2637 288
1076 288
3218 289
4031 289
2201 290
626 291
618 291
1693 291
2196 291
3950 292
3227 292
3229 292
78 293
259 294
3386 294
2037 294
2369 294
650 294
283 294
4015 294
901 294
3668 294
3014 294
623 294
1717 295
3463 295
3243 295
4081 296
3897 296
3984 296
3549 296
2775 297
645 298
3563 298
532 299
414 299
2942 299
898 300
222 301
609 302
597 302
1575 302
3869 303
3986 303
191 303
344 303
1150 304
2699 304
1517 304
3664 304
977 304
2705 304
879 304
219 305
2210 305
1790 305
754 306
2380 306
752 306
1430 307
3164 308
101 308
1342 308
994 308
3029 309
3005 310
1731 310
1132 311
2745 311
2593 311
2211 311
454 311
2194 311
935 311
1138 311
1978 311
3312 312
877 312
3684 312
834 313
3719 313
3297 313
2230 313
3035 314
2197 315
1511 316
3333 316
2701 317
1951 317
960 317
2843 317
2826 317
2689 317
1013 317
3269 318
2239 318
2245 318
3987 319
4103 320
2562 320
313 320
2959 321
427 321
716 321
3508 322
1157 322
1931 322
4065 323
288 323
1959 323
1474 323
784 323
3768 323
1962 323
1853 324
2751 324
2543 324
1372 324
2746 324
1699 324
854 324
255 324
320 324
561 324
573 324
2516 324
360 324
1960 324
3443 324
3349 324
1792 324
3689 325
1408 325
1414 325
3504 326
1832 326
3509 326
1085 326
2055 326
1835 326
2225 326
2060 326
1136 326
2073 327
2293 328
2287 329
3476 329
1972 330
2167 330
2164 330
3949 330
1667 330
2503 330
1399 330
2352 330
3083 330
4117 330
1715 330
3934 330
3087 330
2333 330
1011 331
2911 331
637 332
1330 333
863 333
1723 333
238 334
3749 334
2890 335
3593 336
2023 336
1974 337
1234 338
1054 338
2346 339
3755 339
170 340
37 340
990 341
3656 342
1848 343
3968 343
3876 343
949 343
2143 343
3501 343
3840 343
3903 343
4090 343
2962 343
4025 343
3487 343
1585 343
3891 343
3993 343
1407 344
3626 345
770 345
1592 345
3120 345
570 345
2547 345
1664 346
1777 347
71 347
1292 347
3958 347
2171 348
3465 349
1441 350
1943 350
2236 350
1947 350
1930 350
3468 350
665 351
2276 352
2935 353
1326 353
3368 354
4029 354
2980 355
3760 356
2253 357
3588 357
2909 357
379 357
1539 357
1 358
2033 359
1020 359
1833 359
1893 359
1015 359
1340 360
488 360
515 361
507 361
490 361
159 361
498 361
3548 362
2355 363
49 363
2158 364
1229 364
3650 364
3673 365
3686 365
2579 366
147 367
3051 368
3249 368
1918 368
1179 368
3160 369
267 370
271 370
2018 371
3073 371
2317 371
3031 372
2628 373
2280 373
318 373
2672 374
2713 374
293 374
2813 374
297 374
3577 374
1555 374
1047 374
2958 375
3017 375
816 375
840 375
3305 375
3525 376
3500 376
4010 376
1691 377
668 378
2950 378
2949 378
2157 378
2790 378
252 379
3383 379
1559 380
1053 381
309 382
3661 382
3880 383
1159 383
2313 383
3879 383
4079 383
1166 383
1001 383
1151 383
1169 383
3900 383
839 383
3998 383
1350 383
845 383
4020 384
1297 384
1826 385
3459 386
3457 386
2917 386
277 386
1713 386
3893 386
1709 386
3446 386
2630 387
1440 388
2138 388
2372 389
95 389
1513 389
2166 390
3753 390
2168 390
2799 391
2663 391
613 391
111 392
2443 393
4068 393
1094 394
1568 394
3503 395
2810 396
102 396
187 396
1686 396
351 396
2622 396
2785 396
3927 396
2638 396
90 396
2263 397
3717 398
2855 398
349 399
2934 400
3766 401
3706 401
3526 401
3488 401
2883 401
2066 401
3729 401
1735 401
3533 401
3632 401
3631 401
3452 401
489 401
1444 401
3692 401
1204 401
601 401
995 401
2604 401
3816 401
3378 401
3584 401
2514 401
149 401
2025 402
3758 402
46 403
1795 403
2406 404
3965 404
473 404
1655 404
808 404
1514 404
1065 405
2714 405
2296 405
2981 405
1904 405
1981 405
3773 405
2534 405
589 405
2736 405
152 405
2734 405
565 405
2832 405
1995 405
2330 405
2431 405
874 405
3583 405
657 405
1996 405
1155 406
3854 407
3369 407
4099 407
4039 407
3191 407
266 407
3362 407
270 407
3585 407
715 408
353 409
323 409
2325 409
629 409
622 409
3888 409
1926 410
2112 410
2518 410
2278 410
2014 410
2012 410
1929 410
702 411
3969 411
381 411
3742 411
400 411
1906 411
1909 411
89 411
3654 411
3739 411
2289 411
2 412
1321 413
3565 414
2649 414
2524 415
1026 415
652 416
1818 416
1315 416
3561 416
989 417
1702 418
1476 418
3315 418
2008 418
1042 418
3940 418
2873 418
2872 418
2376 418
1471 418
4102 419
789 420
226 420
1732 421
902 422
2811 423
2282 423
2623 423
720 423
721 423
2940 423
2409 423
3617 423
3962 424
1485 425
2433 426
3127 427
3605 428
3618 428
3723 428
4050 429
1117 429
3287 429
564 429
1069 429
386 429
1740 429
3942 429
1161 430
2247 430
1214 431
1823 432
1152 432
2643 432
1021 432
1195 432
502 432
4111 432
827 432
4110 432
3355 432
1599 432
1202 432
1597 432
833 432
1207 432
294 432
973 432
1265 432
782 432
385 432
3954 432
841 432
1483 432
3931 433
138 434
1405 435
2582 436
4038 436
2265 436
2311 436
1600 436
2743 436
1433 436
2585 436
1775 436
1014 436
1877 436
3418 436
3594 436
2607 436
540 436
1416 436
724 436
899 436
3442 436
4032 437
1680 437
2475 438
1858 439
1997 440
3914 441
2122 442
4086 443
3307 444
2420 445
3111 445
86 446
559 446
3634 446
552 446
3209 447
735 448
456 448
2550 448
3364 448
3262 448
1604 448
1819 449
1120 449
710 449
3546 450
1582 451
3781 451
3863 451
4075 451
2075 451
4074 451
663 451
658 451
2390 452
1079 452
2722 453
2351 453
1119 454
2096 455
2383 455
3655 455
2093 455
1677 456
1025 457
1501 457
2948 457
1570 457
2528 457
2945 457
1565 457
3419 457
1505 457
2191 457
1557 457
484 457
3272 457
443 458
1901 459
3113 460
3158 460
3435 461
3687 462
792 462
3698 463
3620 463
3826 464
3527 464
3338 464
959 464
3523 464
3222 464
3224 464
1634 464
944 464
3530 464
1358 464
2456 464
1354 464
937 464
3814 464
801 464
562 464
3745 464
218 464
2728 464
3551 464
2179 464
568 464
4035 464
3316 464
1613 464
982 464
1810 464
1201 464
1629 464
1086 464
1628 464
1801 464
3512 464
3513 464
2695 464
2483 464
3517 464
3518 464
3955 465
3070 466
339 467
3458 468
1728 468
2505 469
1751 469
933 469
3061 469
75 469
1669 470
1536 470
3046 471
2199 471
1016 472
3820 473
2374 474
2731 475
3917 475
3276 475
3279 475
2229 476
3270 477
4080 478
41 478
3381 479
2992 479
3382 479
492 480
4097 481
1659 481
1610 481
1080 481
1402 481
1466 481
3092 481
302 481
2242 481
186 482
126 483
143 484
1847 485
3720 486
1448 487
706 488
356 489
2479 489
281 489
753 489
227 489
1452 490
3145 491
2207 491
3415 491
311 492
1666 492
1445 493
3536 494
254 495
842 495
2519 495
1873 495
300 495
2515 495
2474 496
3021 496
310 496
413 496
447 496
3983 496
2831 496
3938 496
3366 496
3868 496
1802 496
2387 496
2834 496
4018 496
3663 496
2641 497
953 497
2833 497
2308 497
1006 497
3906 497
3024 497
1038 498
2246 498
2856 498
2867 499
3834 499
279 500
2260 500
932 500
282 500
1894 500
793 500
3094 501
511 502
1782 502
1800 502
1787 502
3189 502
314 502
1473 503
2575 503
1701 504
608 504
3402 504
2569 504
2476 505
1396 506
1896 507
627 508
1525 509
1071 510
230 510
3757 510
3099 511
1306 512
2011 512
2094 513
2377 513
1840 514
2078 514
2927 515
2307 516
3649 516
1341 517
3953 517
3175 517
128 517
1027 517
943 518
1143 518
1891 518
1633 518
1125 518
2498 518
1706 518
3149 519
3147 519
1113 520
1768 520
2364 520
642 520
3353 521
744 522
2905 522
779 522
2979 522
741 522
23 523
1827 524
2477 525
2484 525
996 525
2646 526
2323 527
2028 527
886 528
165 528
2661 529
3285 530
529 530
543 530
536 530
2062 531
860 532
3505 533
3630 534
417 534
1226 535
1314 536
1380 537
2024 537
3748 538
2504 538
3721 539
1745 540
236 540
2190 540
136 541
2064 541
1216 541
1092 541
1228 541
1224 541
1778 541
3963 541
19 541
2732 541
3538 541
4087 541
1109 541
4095 541
516 541
925 541
513 541
1885 541
1879 541
316 541
3184 541
3182 541
4113 541
2703 541
4115 541
1870 541
528 541
416 541
2088 541
1861 541
3646 541
1018 541
66 541
2266 541
1577 541
199 541
2497 541
1005 541
1587 541
2394 541
1942 541
2886 541
232 541
3979 541
1673 541
2290 541
3738 541
1945 541
3124 541
3870 541
253 541
3866 541
364 541
2754 541
1078 541
885 542
3320 542
2871 543
2913 544
2565 544
1916 545
3864 545
2676 545
1844 545
1211 545
738 545
646 545
1963 545
120 545
105 545
1608 546
1081 546
3555 546
3165 547
2235 547
2820 547
1305 547
397 547
3041 547
1009 547
497 547
635 548
1056 548
2647 549
3602 549
370 550
2385 551
2750 552
1153 552
2821 552
664 552
1884 552
3088 552
843 552
636 552
1103 553
359 554
1096 555
3763 556
3521 556
1502 556
1710 556
3159 556
676 556
2977 556
2795 556
1238 556
2657 556
1958 556
1712 556
26 556
3318 556
371 556
4037 556
4043 556
2651 556
2828 556
4041 556
2829 556
2652 556
1675 556
3301 556
2694 556
118 557
380 557
3283 558
661 559
745 560
1552 560
2007 561
1309 562
3115 563
1839 563
76 563
3815 564
759 564
1625 565
2988 566
2869 567
1548 567
2428 567
654 568
2781 568
61 569
2291 570
1743 570
2003 571
2552 571
3298 571
1579 571
3282 571
4088 571
2353 572
3688 572
3066 572
2764 572
3708 572
2920 572
3833 572
182 572
450 572
420 572
2639 572
1576 573
2051 574
3860 574
2625 575
1373 575
3232 575
185 575
1646 575
2454 575
1852 576
1857 576
3072 577
1099 578
4073 578
162 578
1754 578
1467 578
3348 578
295 579
3633 579
2975 580
3716 581
2053 581
3790 581
3502 581
2928 582
1280 582
1755 582
1862 583
2281 584
2417 585
3952 585
1763 586
1268 587
1733 587
80 587
3550 588
1711 589
2080 590
233 590
229 590
331 590
2944 590
1134 591
3933 591
697 591
2915 592
2603 593
3619 594
394 595
1946 596
2577 597
2767 597
1851 597
3390 597
2130 597
3208 597
2295 597
3430 597
2110 597
892 597
3484 597
3214 597
2684 597
2123 597
2268 598
2262 598
2495 599
1718 600
1756 601
2692 602
4069 603
157 603
1889 603
161 603
1415 604
2645 605
2205 605
3400 605
2434 605
2590 605
1398 605
1393 605
1638 605
346 605
2654 605
2566 605
2559 605
908 605
631 605
1900 605
491 605
3117 605
938 605
3174 605
3056 605
2448 605
1961 605
1653 605
3853 606
2125 606
653 607
859 608
1798 609
895 609
3994 610
2520 611
495 612
2939 612
2471 612
912 613
2851 614
2126 615
2065 616
611 616
1356 616
1507 616
1278 616
3982 616
916 616
1878 616
1287 616
604 616
2685 616
1049 617
378 617
305 618
4033 618
3071 618
2324 618
1446 618
2091 618
243 618
1674 618
224 618
986 619
3384 619
3658 619
1838 619
2903 619
3709 619
3662 619
4105 619
3892 619
3567 619
4014 619
2671 619
3084 620
3093 620
3874 621
59 622
1274 622
4092 623
3485 623
3824 624
195 625
2686 626
1812 627
3728 628
501 629
3416 630
2414 630
2425 630
825 630
3425 630
301 630
2202 631
2206 631
3133 632
2129 633
1987 634
2793 634
3971 634
3782 634
1523 634
1317 634
3787 635
2924 635
1519 636
3152 636
3691 637
1203 637
2678 638
2776 639
2564 639
223 639
1267 639
2226 639
77 639
620 639
399 640
3817 640
2156 640
781 640
2228 641
2086 642
3552 643
2342 644
621 644
32 645
155 645
2304 646
1184 646
2780 646
3495 646
3461 646
1815 646
586 646
1684 646
2322 646
2217 646
3039 646
1178 646
999 646
2668 646
2513 646
2592 647
2398 647
791 648
4112 649
2132 649
3704 649
2227 649
2106 649
3997 649
3621 649
1349 649
2723 649
717 650
541 650
2972 651
3244 651
3151 652
2133 653
68 653
576 653
2809 653
278 653
1037 653
1308 653
799 653
948 653
3156 653
1363 653
72 653
743 653
2231 653
2410 653
2219 653
327 653
3472 653
2930 653
2693 653
2667 653
247 653
2965 653
997 653
1182 653
3337 654
1413 654
878 654
3034 655
3048 656
2442 656
3401 656
680 656
2256 656
2438 656
1236 657
3033 657
1286 657
3522 658
1727 658
773 659
3023 659
922 659
2802 659
1859 659
151 659
3800 660
522 660
2679 661
1215 661
2176 662
2172 662
3036 663
478 664
1566 664
701 664
3100 664
1368 664
963 664
1328 664
1194 664
1480 664
482 664
2642 665
3640 665
1939 666
3205 667
3211 667
3135 668
703 669
1097 669
1225 669
466 669
2286 670
1657 671
1780 671
1498 672
3230 672
4052 673
437 674
2472 675
958 675
3129 675
4098 675
350 675
3186 675
2316 675
3004 675
3183 675
2320 675
2766 675
2155 675
965 675
1454 675
3130 676
751 676
4055 676
3277 676
755 676
2535 676
2551 676
367 676
3137 676
88 676
373 677
952 677
2269 678
2507 678
1217 678
918 678
3335 678
15 678
2185 678
733 678
1355 678
2660 678
666 678
82 678
3347 678
2056 678
3346 678
2058 678
3681 678
1863 678
726 678
1242 678
472 679
3351 679
2880 680
1087 680
2918 680
1382 680
1605 680
3498 681
504 682
2360 682
2388 683
1222 683
708 683
1808 683
1742 683
3645 684
3890 684
3354 685
3357 685
2983 686
1572 686
823 687
2629 687
2555 687
1651 687
3922 687
2602 687
1767 688
2310 689
455 689
133 689
3937 690
1241 690
1302 691
2458 692
2848 692
188 692
1737 692
1490 693
2224 694
2082 695
2931 695
3859 695
3808 696
3314 696
1129 696
2737 696
3250 697
2057 697
3339 698
3112 698
3178 698
3116 698
1874 698
3246 698
1564 699
2511 700
2853 700
1427 700
3912 700
2749 700
1854 700
36 700
584 700
739 700
1574 700
2680 700
2619 700
945 700
2805 700
1806 700
975 700
3695 700
1952 700
1264 700
722 700
1347 700
3589 701
2275 702
968 703
115 703
2222 703
2822 704
2674 704
2673 704
849 704
3614 704
2881 704
1544 704
2922 704
2142 704
2584 704
286 704
1198 704
285 704
1090 704
3203 704
2561 704
249 704
365 704
242 704
844 704
1421 704
3628 705
3491 705
2115 705
3311 705
1969 706
1145 706
3923 706
742 706
812 707
3571 708
2489 709
35 710
2951 710
3309 711
890 711
1425 712
2998 713
4027 714
2742 715
2416 716
2921 716
3702 717
1298 718
389 719
256 720
1773 720
2788 720
1821 721
700 721
3255 721
1533 721
3274 721
1984 722
4059 723
1002 724
18 724
2970 724
444 724
156 724
1631 724
3785 724
1814 724
2092 724
3959 725
2635 726
2768 727
3417 728
3210 729
2391 730
1698 730
1248 730
967 730
3672 731
4085 731
3669 731
2546 731
29 732
3475 733
3201 734
1803 735
398 735
1073 735
640 735
44 735
764 736
679 737
3690 738
2016 738
3239 738
3438 739
1953 739
1903 739
1387 739
1383 739
28 739
3453 740
1270 740
3810 740
805 740
479 740
3989 740
4042 740
3981 740
434 740
4057 740
3905 740
3365 740
1457 741
3770 741
1379 741
1738 742
1171 743
3299 743
2574 743
1107 743
3511 744
3515 744
3837 745
1284 746
707 747
3507 748
2134 748
3085 748
404 748
2615 749
3951 749
3703 749
3771 749
104 749
3293 750
2070 751
3181 752
429 752
750 752
2175 752
2876 752
1045 752
538 752
3547 753
3336 754
3334 754
2072 755
2149 756
250 756
3002 756
1464 756
1362 756
4100 757
3050 758
2100 758
692 758
1606 758
1897 759
343 760
1762 760
848 760
2884 760
3883 760
1535 760
1705 760
1091 760
2049 760
1443 760
4119 760
144 760
4122 760
1246 760
4060 760
3674 761
2027 761
2999 761
3735 762
2523 762
2161 762
1601 762
979 762
4062 762
1106 763
3830 764
3707 765
1913 766
463 766
2914 766
1938 766
888 766
2336 767
196 767
2081 768
1105 769
862 769
1499 770
1868 771
319 771
1647 772
818 772
4114 773
3054 774
1993 775
3939 775
578 776
2777 777
422 777
2255 778
409 778
2480 778
335 778
2240 778
1537 778
1641 779
1581 779
1010 779
1648 779
2957 780
1442 780
671 780
765 780
246 780
3447 780
2312 780
481 780
3806 780
3409 780
1730 781
2966 781
1139 782
3076 783
3199 784
341 784
4066 784
3795 784
788 784
2301 784
2400 784
3637 784
1193 784
3803 784
1528 784
3700 784
352 784
3780 784
3746 784
3624 784
1235 784
3819 784
2482 784
215 784
2127 784
3822 784
2571 784
475 785
1033 786
273 786
3220 786
2987 786
3428 786
2413 786
2682 786
2621 786
3395 786
1030 786
85 786
2662 786
837 786
3106 786
2877 786
3107 786
2845 786
2842 786
1551 787
1219 787
2209 787
3423 788
3015 788
3941 788
1765 789
3125 790
2464 791
1971 792
852 793
858 793
3727 793
534 794
3264 794
1263 794
167 794
1636 794
3769 794
964 794
2113 795
2306 796
2755 796
1883 797
2490 797
2553 797
2536 797
2371 797
1325 797
582 797
2521 797
2502 797
780 797
2396 797
2487 797
3767 798
3657 798
4006 798
2216 798
2212 798
299 799
871 800
3011 801
1886 802
3972 803
4077 803
1231 804
440 805
2232 805
1975 805
2103 805
681 805
2344 805
2042 805
2466 805
2348 805
347 805
73 805
1496 805
3779 805
87 805
1295 805
3240 805
3028 805
154 806
3251 807
904 807
2617 808
395 809
175 809
2473 810
48 810
3142 810
2748 811
39 811
2611 812
1460 812
337 812
1098 812
3162 812
3397 812
1197 812
45 812
1509 812
1927 812
2114 812
25 812
1591 812
1512 812
180 812
1082 813
940 813
3764 813
290 813
1595 813
2648 813
946 813
2586 813
3489 814
1611 814
677 814
2758 814
4036 815
2955 816
458 816
3651 816
2178 817
2627 818
651 818
1663 819
648 819
2901 819
1661 819
212 819
2926 820
415 821
3143 822
2148 823
3266 823
1799 823
3961 824
1849 824
2827 824
2486 824
3294 825
1912 826
424 826
655 826
2233 826
1250 827
3629 828
1696 828
3666 828
1573 828
4109 828
2319 828
3945 829
3825 829
2036 829
3641 829
1022 829
1088 829
2257 829
3291 829
462 829
2252 829
1776 829
262 829
1004 829
939 829
1726 829
2451 829
3823 829
3486 829
850 829
991 829
505 829
3845 829
527 829
3736 829
914 829
3600 829
107 829
913 829
499 829
3302 829
2836 829
3935 829
113 829
2084 829
3445 829
2846 829
2844 829
3924 829
1898 830
602 830
237 831
3474 832
2465 833
905 834
3936 835
3894 835
4046 835
2893 836
1532 837
4009 837
1905 838
3754 838
3284 839
3794 839
2718 839
2370 839
2447 839
5 839
234 839
2445 839
4106 839
3910 839
2529 839
225 839
2116 839
3422 839
1598 839
3455 839
3420 839
1560 839
3967 839
53 839
418 839
3063 839
2961 839
1820 840
1131 840
797 840
2169 840
924 841
1337 842
4051 842
1627 842
2990 842
3867 842
1385 842
4107 842
4123 842
1621 842
3873 842
1344 842
4078 842
2363 843
2989 844
1426 844
1271 844
3161 844
3110 844
2923 845
2568 845
3436 846
2576 846
3103 846
921 846
2817 846
2589 846
1029 846
3385 846
763 846
1478 846
2794 846
2896 846
1475 846
2418 846
2906 846
2449 846
3132 847
2542 848
970 849
83 849
4047 849
2083 850
1882 850
2118 850
3 850
3373 850
3253 850
1875 850
2079 850
1294 851
3916 851
1352 851
4061 852
1003 853
829 854
951 855
947 855
3733 856
712 856
599 857
1277 857
1070 858
3789 858
1233 859
3796 860
3791 861
3105 862
4007 863
3918 863
55 863
3102 863
873 863
2272 863
2384 864
2379 864
955 865
137 866
2954 866
2953 866
3731 866
2919 866
1188 866
3665 866
3089 866
3696 866
2288 866
1531 866
1411 866
3694 866
869 866
1174 866
52 866
2900 866
2907 866
3996 866
2757 866
1181 866
3545 866
1766 867
2889 867
815 868
205 869
3098 869
2715 869
3330 869
3671 869
3332 869
1116 870
3020 870
3884 871
3652 871
1720 871
3562 872
1244 873
106 874
1642 875
1406 875
1614 875
1950 875
3010 875
3697 875
891 875
1163 875
3394 875
1977 875
1986 875
4084 875
3391 875
178 875
3376 875
57 875
453 875
2879 875
2421 876
747 876
2375 876
3609 876
1816 876
993 876
3576 876
124 877
2314 878
961 879
1436 880
3267 881
1369 881
3140 881
468 881
1180 882
1908 882
1034 883
3406 884
660 884
3254 885
2782 885
3726 885
1690 886
1822 887
2250 887
1764 887
121 888
4118 889
171 890
3506 890
374 890
907 890
683 890
2361 890
1192 890
900 890
2180 890
569 890
3991 891
3613 892
3556 892
3970 892
3326 892
3226 892
3058 892
592 893
3644 894
1239 894
4116 894
3898 894
2632 894
4012 894
3784 894
3363 894
3788 894
1482 894
3586 894
3975 895
3647 895
3627 895
547 895
556 895
2181 895
1892 895
2067 896
1377 896
3821 896
2587 896
3519 896
1186 897
682 897
857 897
1774 897
2147 897
3448 897
3237 897
3450 897
1084 897
2545 897
1077 897
2393 897
689 897
2772 898
550 899
614 900
718 901
3805 901
1064 902
1019 902
800 902
2696 902
179 902
2691 902
2359 903
1615 903
2367 903
1607 903
1933 904
2716 905
3827 905
1668 905
3612 905
2165 905
2509 905
3711 905
4000 905
619 905
119 905
2526 905
3300 905
3999 905
1348 905
3956 905
966 905
461 906
3016 906
546 906
1855 907
251 908
768 908
3932 908
545 908
1503 908
214 908
146 908
1247 908
3926 908
4094 908
3699 909
2243 909
2002 910
1055 910
2572 911
3187 912
1032 913
2865 913
1384 913
1400 913
3313 913
981 914
3228 915
1547 916
384 916
3496 917
141 918
2446 918
887 918
612 918
3295 918
2381 918
1290 918
1596 918
3204 918
2730 918
260 918
2022 918
3622 918
3482 918
3623 918
3141 918
145 918
264 918
3350 918
2540 918
368 918
1545 918
1522 918
1546 918
3678 918
3192 918
172 918
3431 918
1543 918
2009 918
438 918
1624 918
1749 918
531 918
2429 918
177 918
2636 918
1554 918
699 919
3413 919
333 919
2739 919
268 919
3006 920
2787 920
1830 920
3469 920
3732 921
4017 921
2077 921
1549 922
4089 922
1256 922
1956 923
4082 924
3572 925
2131 925
3537 925
867 926
2163 926
3310 926
3019 927
1643 927
117 927
3718 927
594 927
1343 927
1845 927
736 927
11 927
941 928
864 928
577 928
291 928
1438 928
3929 929
694 929
2864 930
962 930
3248 931
3497 931
798 931
610 932
2854 932
1039 932
1645 932
3396 932
1365 932
3635 932
674 932
1639 932
2046 932
2496 932
2184 932
1170 932
1172 932
2729 932
457 932
2461 932
2124 932
1282 932
2724 932
451 932
2121 932
638 932
2720 932
1243 932
1721 932
2541 932
442 932
231 932
4104 932
1534 932
2105 932
2650 932
3185 932
2108 932
3592 932
2493 932
771 932
4058 932
2752 932
3590 932
1619 932
2904 932
1518 932
2424 932
423 932
698 933
2430 934
777 934
2563 935
2074 935
2038 936
1530 936
3774 937
1140 937
3154 937
1209 938
762 939
200 939
894 939
2200 940
410 940
34 940
729 940
3675 940
1050 940
732 940
2090 940
704 940
2349 940
3426 940
2198 940
3875 940
1985 941
551 942
1074 943
1521 944
929 944
2389 945
2719 945
197 945
3108 946
4040 947
3858 947
3836 947
2274 948
2707 948
1924 949
2135 950
2878 950
245 950
685 951
1796 951
811 951
2339 952
2305 952
3643 952
1177 952
544 953
2726 953
0 954
363 955
3404 956
868 956
2982 956
876 956
3930 957
392 957
734 957
3292 957
1351 957
737 957
1346 957
824 957
388 957
4023 958
909 959
1612 959
3177 959
1412 959
3725 959
2847 959
3065 960
2146 960
3440 961
2721 962
376 963
3778 964
334 964
758 964
241 965
3055 966
915 967
1249 968
3920 969
98 970
2916 971
3231 972
2556 973
2284 973
2203 973
563 973
3743 973
1167 973
7 974
3324 975
2071 976
1311 977
525 977
709 977
3245 977
3217 978
3215 978
2581 979
3323 979
971 980
4028 980
3722 980
3595 981
3170 981
3171 981
1620 981
2152 981
1101 982
3734 982
1093 982
1189 983
2000 984
1781 984
3172 984
3078 984
1187 985
3541 985
114 985
3043 985
108 985
2404 986
856 986
2095 986
1272 987
1469 988
687 989
2341 989
140 989
203 989
2267 989
3329 989
1221 990
883 990
383 990
2335 990
3206 991
893 992
1367 993
778 993
30 993
1824 994
3032 995
2544 996
3528 997
3777 998
3776 998
3233 998
1102 998
3001 998
748 998
3327 998
2241 998
1289 999
4005 1000
787 1000
3625 1000
112 1000
3414 1000
795 1000
125 1001
3944 1002
880 1002
1339 1002
519 1002
822 1002
512 1002
3710 1002
3375 1002
2608 1002
889 1002
503 1002
1333 1002
1392 1002
494 1002
3069 1002
2220 1002
366 1002
3957 1002
1794 1002
1447 1003
2885 1004
2358 1004
1506 1004
3802 1004
662 1004
1992 1004
1880 1005
819 1005
3564 1005
3534 1005
2891 1005
63 1005
2244 1006
1237 1007
2423 1007
1761 1007
487 1007
1472 1008
4124 1009
3139 1009
509 1010
3902 1010
1459 1010
1144 1010
667 1010
950 1010
617 1010
2612 1011
1917 1011
2610 1011
3207 1011
3095 1011
2806 1012
2925 1012
581 1013
4071 1013
240 1013
1307 1014
2050 1014
3057 1014
2204 1015
2328 1016
2863 1017
917 1017
1583 1018
1495 1018
1492 1018
1760 1018
817 1018
2744 1018
4070 1018
2039 1018
3225 1018
1982 1018
2599 1018
4022 1018
4083 1018
3352 1018
459 1018
3966 1018
3759 1018
1828 1018
2399 1018
2997 1018
1784 1018
1825 1018
3408 1018
2995 1018
1456 1018
2234 1018
3793 1018
987 1018
3852 1018
2001 1018
2238 1018
3494 1018
3574 1018
2491 1018
1748 1018
598 1018
3582 1018
1999 1018
1758 1018
1759 1018
3281 1019
954 1019
1488 1019
678 1019
830 1019
2048 1019
942 1019
2189 1019
936 1019
3003 1019
1484 1019
4093 1019
1729 1019
3915 1019
441 1019
2823 1019
445 1019
2102 1019
2819 1019
1126 1019
919 1019
3429 1019
2467 1019
1603 1019
1872 1019
3807 1019
1121 1019
1146 1019
4120 1019
4121 1019
3444 1019
1142 1019
783 1019
477 1019
2264 1019
65 1019
336 1019
3636 1019
3090 1019
1841 1019
1569 1019
2792 1019
766 1019
1594 1019
870 1019
1041 1019
1423 1019
2779 1019
3608 1019
1335 1019
3260 1019
3012 1019
3387 1019
836 1019
1312 1019
607 1019
3587 1019
1028 1020
3740 1021
1486 1021
1366 1021
3091 1021
56 1021
391 1021
2963 1021
62 1021
3857 1021
1481 1021
2386 1022
3616 1022
3167 1023
3340 1023
558 1023
1262 1023
2315 1023
1031 1023
2470 1023
3451 1023
2725 1023
1831 1023
1553 1023
3306 1023
2789 1023
757 1023
3179 1024
593 1025
769 1025
1856 1025
2815 1026
2816 1027
2702 1028
3471 1028
411 1029
3639 1029
2435 1029
2437 1029
761 1029
460 1029
767 1029
2937 1029
1040 1029
1245 1029
3680 1029
1589 1029
2183 1029
1584 1029
3855 1029
1254 1029
3973 1029
3197 1029
984 1029
3196 1029
785 1029
446 1029
3907 1029
1127 1029
1261 1029
1602 1029
435 1029
2415 1029
588 1029
1123 1029
1332 1029
439 1029
1998 1029
2097 1030
21 1030
3872 1030
2510 1031
821 1032
1695 1032
669 1033
3007 1033
2368 1033
1397 1033
2044 1033
537 1033
847 1033
1807 1034
3615 1034
988 1034
1500 1034
1637 1034
2249 1035
3990 1036
2985 1036
2761 1037
4004 1038
4 1038
204 1039
903 1039
485 1039
2938 1039
3995 1039
3544 1039
3856 1039
1580 1040
1175 1040
3756 1040
3804 1040
3752 1040
853 1041
4011 1042
1871 1043
3659 1044
2187 1045
2956 1045
3792 1046
1357 1046
201 1046
1386 1046
2412 1046
193 1046
3013 1046
2840 1046
3080 1047
3399 1047
1253 1048
2492 1048
1251 1048
452 1048
3516 1048
406 1048
1769 1049
3741 1050
1100 1051
4034 1051
3886 1051
3913 1051
3166 1051
2508 1051
2297 1051
142 1051
2501 1051
616 1051
1331 1051
2894 1051
555 1051
1361 1051
3235 1051
910 1051
2897 1051
1200 1051
802 1051
2054 1051
1353 1051
3862 1051
1273 1051
4049 1052
2733 1053
3219 1053
630 1053
3466 1053
3904 1053
1588 1053
727 1053
775 1054
3928 1054
1687 1054
882 1054
2299 1054
603 1054
1110 1054
2076 1054
2978 1054
2852 1055
3887 1056
103 1057
1173 1057
99 1057
2634 1057
3392 1057
1455 1057
3871 1058
927 1058
3514 1058
906 1059
1920 1060
2974 1061
2554 1061
3075 1061
2976 1061
3321 1061
2321 1062
1914 1062
1911 1062
3477 1063
160 1063
2857 1063
2614 1064
1991 1064
235 1064
1052 1064
1058 1064
1279 1064
3844 1064
1276 1064
209 1064
369 1065
3575 1066
1147 1066
1516 1066
3889 1066
436 1066
480 1066
476 1067
3328 1067
2303 1068
2537 1068
2712 1068
3679 1068
2770 1068
3256 1068
2659 1068
3747 1068
2595 1068
1660 1068
632 1068
1072 1068
269 1068
3449 1069
2139 1070
1567 1071
1562 1071
1644 1072
1703 1073
3150 1073
3202 1073
1269 1073
3812 1073
579 1074
2986 1074
1158 1074
3123 1074
796 1074
2947 1074
2469 1074
2774 1074
1497 1074
326 1074
774 1074
804 1074
566 1074
1000 1074
1007 1074
2969 1074
2606 1074
2279 1074
329 1074
820 1075
1252 1075
1370 1075
2860 1075
3877 1075
2862 1075
1364 1075
3155 1075
3598 1075
1391 1075
1921 1075
3037 1075
574 1075
4063 1075
810 1075
1137 1075
2119 1076
2932 1076
1316 1077
372 1078
3947 1078
2567 1078
2140 1078
3136 1078
3974 1079
1044 1080
1035 1081
2760 1082
3052 1083
713 1084
596 1085
2620 1085
2221 1086
2099 1087
3948 1087
2101 1087
97 1087
2861 1087
3604 1087
3835 1087
4008 1087
3908 1087
2457 1087
1682 1087
3818 1087
2277 1087
2208 1087
3212 1087
1124 1088
1869 1089
1676 1089
2994 1089
2332 1089
211 1089
493 1090
548 1090
3783 1090
261 1090
2533 1090
1907 1090
1230 1090
1240 1090
3126 1090
2452 1090
2422 1091
1700 1091
2653 1091
1376 1091
2411 1092
50 1093
292 1094
1232 1095
2711 1096
2150 1097
4054 1097
2145 1097
432 1097
2964 1097
3173 1097
3169 1097
3022 1098
3194 1098
3730 1098
3761 1098
911 1098
3200 1098
3573 1098
3660 1098
1324 1098
3539 1098
2481 1098
2936 1098
814 1098
1890 1098
1654 1098
3851 1099
719 1099
79 1099
3601 1099
3427 1100
1023 1101
1449 1102
3490 1103
3371 1103
2765 1103
633 1103
1468 1103
639 1103
1571 1103
826 1103
3148 1104
1154 1105
3280 1105
2068 1105
3157 1105
2800 1105
673 1105
3751 1105
3960 1105
3268 1105
3265 1105
3358 1105
3356 1105
1649 1105
3278 1105
306 1105
3317 1105
920 1105
976 1105
2771 1105
3303 1105
670 1105
3568 1105
3648 1105
1556 1105
2089 1105
2366 1105
4021 1106
2549 1107
1757 1108
695 1109
2035 1110
1206 1110
1345 1110
539 1111
303 1111
3146 1112
1887 1113
3797 1113
3492 1113
3086 1113
3535 1113
3977 1113
553 1114
3542 1115
315 1116
3241 1117
647 1117
3557 1118
533 1118
139 1118
1683 1118
202 1118
1888 1118
1395 1118
2151 1119
2656 1119
3599 1119
3510 1119
3163 1119
1934 1119
2154 1119
2655 1119
2153 1119
2849 1120
1965 1120
3946 1121
3000 1121
3198 1122
2548 1122
3772 1122
317 1122
2839 1123
1051 1123
2214 1124
1017 1125
1609 1125
3611 1125
2801 1125
557 1125
1260 1125
2741 1125
1257 1125
194 1125
393 1125
1322 1125
1266 1125
2797 1125
2177 1125
3325 1126
2912 1127
2747 1127
308 1127
2850 1127
1381 1127
3153 1127
1453 1127
100 1128
2698 1128
2759 1129
3597 1130
2043 1130
723 1130
3372 1131
3038 1131
1694 1131
2717 1132
2499 1133
33 1134
2609 1135
2005 1135
828 1135
3801 1136
3483 1136
3532 1136
1622 1136
405 1136
3682 1137
;