param : syllabes :=
# numero_mot nb_syllabes
0 0
1 2
2 3
3 2
4 4
5 3
6 1
7 3
8 1
9 2
10 1
11 2
12 0
13 2
14 1
15 2
16 3
17 1
18 1
19 2
20 1
21 2
22 1
23 1
24 4
25 1
26 1
27 1
28 2
29 2
30 3
31 1
32 2
33 1
34 1
35 2
36 1
37 1
38 2
39 3
40 1
41 2
42 1
43 2
44 3
45 2
46 2
47 0
48 3
49 1
50 1
51 1
52 3
53 2
54 1
55 2
56 3
57 2
58 2
59 1
60 1
61 2
62 3
63 2
64 2
65 1
66 2
67 1
68 3
69 1
70 1
71 2
72 2
73 2
74 1
75 2
76 1
77 1
78 2
79 1
80 3
81 1
82 3
83 2
84 1
85 2
86 3
87 3
88 2
89 2
90 1
91 1
92 2
93 3
94 2
95 1
96 2
97 4
98 2
99 2
100 1
101 2
102 1
103 2
104 2
105 2
106 1
107 3
108 1
109 0
110 2
111 2
112 2
113 3
114 1
115 2
116 2
117 3
118 3
119 1
120 1
121 2
122 1
123 1
124 2
125 2
126 2
127 0
128 1
129 1
130 2
131 1
132 1
133 3
134 1
135 2
136 2
137 2
138 2
139 1
140 2
141 2
142 3
143 2
144 2
145 3
146 4
147 1
148 1
149 2
150 3
151 2
152 2
153 1
154 2
155 2
156 2
157 4
158 1
159 1
160 2
161 4
162 3
163 0
164 2
165 2
166 1
167 3
168 1
169 1
170 1
171 3
172 2
173 2
174 2
175 1
176 2
177 2
178 1
179 2
180 2
181 1
182 1
183 1
184 1
185 1
186 1
187 2
188 2
189 3
190 1
191 2
192 1
193 2
194 1
195 1
196 2
197 1
198 2
199 3
200 2
201 1
202 1
203 1
204 2
205 3
206 2
207 1
208 2
209 2
210 3
211 2
212 3
213 1
214 3
215 3
216 1
217 1
218 1
219 1
220 2
221 1
222 2
223 2
224 2
225 2
226 2
227 3
228 1
229 2
230 2
231 3
232 4
233 2
234 4
235 2
236 2
237 3
238 1
239 2
240 4
241 3
242 3
243 2
244 1
245 2
246 3
247 2
248 1
249 2
250 2
251 3
252 2
253 2
254 1
255 1
256 2
257 1
258 1
259 3
260 2
261 2
262 2
263 3
264 2
265 2
266 2
267 3
268 2
269 3
270 2
271 3
272 1
273 2
274 1
275 2
276 1
277 1
278 1
279 1
280 1
281 2
282 3
283 1
284 1
285 3
286 1
287 3
288 2
289 4
290 2
291 2
292 2
293 1
294 2
295 2
296 2
297 2
298 3
299 1
300 2
301 3
302 2
303 2
304 2
305 2
306 3
307 2
308 2
309 1
310 1
311 1
312 1
313 1
314 1
315 3
316 2
317 1
318 2
319 2
320 2
321 1
322 2
323 2
324 2
325 1
326 2
327 2
328 2
329 3
330 1
331 1
332 1
333 2
334 1
335 2
336 1
337 1
338 5
339 2
340 2
341 3
342 1
343 3
344 2
345 0
346 3
347 3
348 3
349 1
350 2
351 1
352 2
353 2
354 3
355 3
356 2
357 2
358 1
359 2
360 1
361 1
362 1
363 2
364 3
365 2
366 3
367 2
368 2
369 2
370 1
371 1
372 2
373 2
374 3
375 2
376 3
377 1
378 3
379 3
380 2
381 2
382 2
383 3
384 1
385 1
386 3
387 1
388 3
389 2
390 1
391 3
392 3
393 2
394 1
395 2
396 1
397 2
398 2
399 2
400 2
401 2
402 1
403 2
404 2
405 1
406 1
407 1
408 1
409 3
410 3
411 3
412 1
413 1
414 2
415 1
416 3
417 2
418 3
419 1
420 1
421 2
422 2
423 2
424 1
425 1
426 1
427 2
428 1
429 1
430 1
431 1
432 2
433 1
434 3
435 3
436 2
437 2
438 2
439 4
440 3
441 2
442 2
443 2
444 2
445 2
446 2
447 2
448 2
449 1
450 1
451 3
452 2
453 1
454 2
455 2
456 2
457 2
458 3
459 3
460 4
461 2
462 3
463 2
464 1
465 3
466 1
467 2
468 2
469 3
470 2
471 3
472 3
473 1
474 2
475 3
476 2
477 2
478 3
479 3
480 3
481 2
482 2
483 3
484 2
485 3
486 1
487 2
488 1
489 1
490 2
491 3
492 2
493 2
494 4
495 4
496 1
497 2
498 2
499 1
500 1
501 2
502 4
503 3
504 1
505 3
506 1
507 3
508 2
509 2
510 1
511 1
512 3
513 2
514 1
515 2
516 4
517 2
518 2
519 3
520 0
521 1
522 3
523 1
524 1
525 2
526 1
527 2
528 3
529 2
530 3
531 2
532 2
533 2
534 2
535 2
536 3
537 2
538 1
539 1
540 1
541 1
542 4
543 4
544 2
545 2
546 2
547 2
548 2
549 1
550 2
551 2
552 2
553 3
554 2
555 4
556 2
557 3
558 3
559 1
560 2
561 2
562 5
563 3
564 4
565 3
566 2
567 2
568 4
569 4
570 2
571 1
572 2
573 2
574 2
575 2
576 2
577 2
578 1
579 4
580 1
581 2
582 2
583 2
584 2
585 3
586 3
587 2
588 2
589 3
590 1
591 2
592 2
593 2
594 1
595 2
596 3
597 4
598 2
599 2
600 3
601 1
602 2
603 1
604 3
605 1
606 2
607 2
608 2
609 3
610 4
611 2
612 3
613 1
614 2
615 2
616 2
617 2
618 3
619 3
620 2
621 1
622 2
623 2
624 3
625 4
626 2
627 3
628 2
629 3
630 3
631 2
632 2
633 2
634 2
635 1
636 2
637 2
638 3
639 2
640 3
641 1
642 3
643 1
644 4
645 1
646 2
647 2
648 2
649 2
650 2
651 2
652 2
653 1
654 3
655 3
656 1
657 3
658 2
659 2
660 1
661 3
662 2
663 4
664 2
665 2
666 3
667 2
668 3
669 2
670 3
671 3
672 1
673 3
674 3
675 2
676 2
677 2
678 1
679 2
680 2
681 2
682 3
683 2
684 3
685 3
686 1
687 1
688 1
689 4
690 2
691 3
692 2
693 3
694 2
695 2
696 3
697 1
698 1
699 3
700 3
701 3
702 2
703 1
704 1
705 1
706 1
707 2
708 2
709 3
710 1
711 1
712 2
713 1
714 1
715 2
716 2
717 1
718 1
719 2
720 2
721 3
722 3
723 1
724 2
725 3
726 2
727 2
728 3
729 2
730 1
731 2
732 2
733 3
734 2
735 2
736 1
737 2
738 1
739 2
740 2
741 2
742 3
743 2
744 2
745 1
746 2
747 2
748 2
749 3
750 2
751 2
752 3
753 2
754 3
755 1
756 3
757 3
758 1
759 2
760 2
761 3
762 3
763 2
764 3
765 2
766 1
767 3
768 2
769 2
770 3
771 2
772 2
773 2
774 2
775 3
776 2
777 2
778 1
779 2
780 3
781 1
782 3
783 2
784 3
785 2
786 3
787 3
788 2
789 1
790 1
791 3
792 3
793 2
794 3
795 3
796 3
797 2
798 1
799 2
800 3
801 4
802 3
803 2
804 2
805 4
806 1
807 1
808 2
809 1
810 3
811 2
812 4
813 2
814 3
815 2
816 2
817 3
818 2
819 2
820 2
821 2
822 2
823 2
824 2
825 3
826 2
827 4
828 2
829 2
830 2
831 1
832 2
833 2
834 1
835 2
836 2
837 2
838 3
839 4
840 2
841 1
842 2
843 2
844 2
845 3
846 0
847 2
848 3
849 2
850 4
851 2
852 2
853 2
854 1
855 2
856 2
857 4
858 3
859 2
860 2
861 2
862 3
863 2
864 2
865 4
866 2
867 2
868 1
869 3
870 2
871 3
872 3
873 1
874 3
875 1
876 2
877 2
878 1
879 2
880 2
881 1
882 2
883 3
884 1
885 2
886 2
887 2
888 1
889 4
890 2
891 3
892 3
893 2
894 1
895 1
896 2
897 1
898 3
899 2
900 3
901 3
902 2
903 3
904 2
905 1
906 2
907 2
908 2
909 1
910 2
911 3
912 2
913 1
914 4
915 2
916 2
917 2
918 3
919 2
920 3
921 1
922 2
923 2
924 2
925 2
926 2
927 3
928 2
929 2
930 3
931 1
932 3
933 2
934 1
935 2
936 2
937 3
938 4
939 3
940 2
941 2
942 2
943 2
944 3
945 2
946 2
947 2
948 2
949 4
950 2
951 2
952 2
953 3
954 2
955 2
956 1
957 3
958 3
959 4
960 2
961 2
962 2
963 2
964 3
965 2
966 2
967 2
968 2
969 2
970 2
971 2
972 2
973 3
974 3
975 2
976 3
977 2
978 1
979 2
980 2
981 3
982 2
983 2
984 3
985 2
986 3
987 2
988 2
989 1
990 3
991 4
992 1
993 2
994 3
995 2
996 2
997 4
998 2
999 2
1000 2
1001 3
1002 2
1003 2
1004 2
1005 1
1006 3
1007 3
1008 1
1009 2
1010 2
1011 2
1012 2
1013 2
1014 2
1015 3
1016 1
1017 2
1018 2
1019 3
1020 3
1021 4
1022 1
1023 2
1024 2
1025 2
1026 2
1027 1
1028 2
1029 2
1030 2
1031 3
1032 2
1033 2
1034 2
1035 2
1036 2
1037 3
1038 1
1039 3
1040 2
1041 3
1042 1
1043 2
1044 2
1045 2
1046 1
1047 1
1048 3
1049 2
1050 3
1051 2
1052 2
1053 3
1054 2
1055 2
1056 3
1057 2
1058 2
1059 2
1060 3
1061 3
1062 2
1063 2
1064 2
1065 3
1066 1
1067 2
1068 1
1069 4
1070 3
1071 1
1072 2
1073 2
1074 2
1075 2
1076 2
1077 3
1078 2
1079 2
1080 3
1081 4
1082 2
1083 2
1084 2
1085 1
1086 2
1087 4
1088 2
1089 3
1090 2
1091 2
1092 3
1093 1
1094 1
1095 3
1096 2
1097 2
1098 2
1099 3
1100 5
1101 1
1102 3
1103 3
1104 2
1105 3
1106 3
1107 3
1108 2
1109 3
1110 2
1111 2
1112 1
1113 1
1114 0
1115 3
1116 2
1117 3
1118 2
1119 1
1120 1
1121 2
1122 2
1123 3
1124 2
1125 2
1126 2
1127 4
1128 2
1129 3
1130 2
1131 3
1132 2
1133 2
1134 4
1135 3
1136 3
1137 3
1138 2
1139 2
1140 3
1141 1
1142 2
1143 2
1144 3
1145 3
1146 2
1147 3
1148 2
1149 2
1150 2
1151 2
1152 3
1153 2
1154 3
1155 4
1156 2
1157 2
1158 3
1159 3
1160 2
1161 1
1162 2
1163 3
1164 2
1165 2
1166 4
1167 3
1168 2
1169 3
1170 2
1171 2
1172 4
1173 2
1174 4
1175 2
1176 2
1177 2
1178 2
1179 3
1180 2
1181 4
1182 2
1183 2
1184 2
1185 3
1186 2
1187 1
1188 3
1189 1
1190 2
1191 2
1192 1
1193 1
1194 2
1195 4
1196 3
1197 1
1198 1
1199 2
1200 4
1201 3
1202 3
1203 2
1204 1
1205 3
1206 3
1207 3
1208 2
1209 2
1210 4
1211 2
1212 3
1213 1
1214 1
1215 2
1216 4
1217 2
1218 2
1219 1
1220 3
1221 2
1222 1
1223 1
1224 2
1225 1
1226 1
1227 3
1228 2
1229 2
1230 2
1231 3
1232 5
1233 2
1234 2
1235 2
1236 2
1237 3
1238 2
1239 2
1240 2
1241 3
1242 2
1243 2
1244 3
1245 3
1246 3
1247 3
1248 2
1249 2
1250 2
1251 2
1252 2
1253 2
1254 3
1255 3
1256 1
1257 3
1258 2
1259 2
1260 2
1261 4
1262 2
1263 1
1264 2
1265 3
1266 2
1267 3
1268 2
1269 2
1270 3
1271 2
1272 1
1273 2
1274 2
1275 4
1276 2
1277 2
1278 3
1279 3
1280 1
1281 2
1282 2
1283 2
1284 3
1285 3
1286 3
1287 4
1288 3
1289 2
1290 2
1291 2
1292 3
1293 2
1294 3
1295 2
1296 2
1297 1
1298 2
1299 2
1300 3
1301 2
1302 3
1303 1
1304 2
1305 3
1306 2
1307 2
1308 2
1309 2
1310 3
1311 3
1312 1
1313 3
1314 2
1315 3
1316 2
1317 2
1318 3
1319 3
1320 2
1321 3
1322 4
1323 3
1324 2
1325 2
1326 1
1327 3
1328 2
1329 2
1330 2
1331 4
1332 3
1333 3
1334 1
1335 2
1336 1
1337 3
1338 1
1339 4
1340 1
1341 2
1342 2
1343 2
1344 1
1345 2
1346 2
1347 2
1348 2
1349 3
1350 3
1351 2
1352 2
1353 4
1354 4
1355 4
1356 2
1357 2
1358 3
1359 2
1360 2
1361 3
1362 1
1363 2
1364 3
1365 3
1366 2
1367 1
1368 3
1369 3
1370 3
1371 2
1372 1
1373 1
1374 3
1375 2
1376 2
1377 3
1378 1
1379 2
1380 1
1381 2
1382 3
1383 2
1384 3
1385 2
1386 1
1387 3
1388 2
1389 1
1390 2
1391 3
1392 3
1393 3
1394 1
1395 1
1396 3
1397 3
1398 3
1399 4
1400 2
1401 2
1402 2
1403 2
1404 2
1405 3
1406 2
1407 3
1408 3
1409 3
1410 1
1411 3
1412 1
1413 2
1414 2
1415 2
1416 2
1417 1
1418 2
1419 2
1420 3
1421 2
1422 2
1423 2
1424 4
1425 2
1426 3
1427 3
1428 3
1429 1
1430 2
1431 2
1432 1
1433 2
1434 2
1435 1
1436 3
1437 2
1438 2
1439 1
1440 2
1441 2
1442 3
1443 2
1444 2
1445 1
1446 2
1447 2
1448 3
1449 2
1450 1
1451 3
1452 1
1453 2
1454 3
1455 2
1456 3
1457 2
1458 2
1459 2
1460 2
1461 1
1462 2
1463 2
1464 1
1465 2
1466 1
1467 3
1468 3
1469 2
1470 2
1471 2
1472 2
1473 2
1474 2
1475 2
1476 2
1477 2
1478 2
1479 1
1480 2
1481 4
1482 3
1483 3
1484 2
1485 3
1486 4
1487 1
1488 2
1489 1
1490 3
1491 3
1492 2
1493 2
1494 1
1495 3
1496 3
1497 2
1498 3
1499 1
1500 2
1501 3
1502 3
1503 3
1504 4
1505 3
1506 3
1507 2
1508 2
1509 2
1510 3
1511 1
1512 2
1513 1
1514 2
1515 4
1516 3
1517 2
1518 2
1519 2
1520 6
1521 3
1522 2
1523 3
1524 2
1525 2
1526 2
1527 3
1528 3
1529 3
1530 2
1531 2
1532 3
1533 3
1534 2
1535 3
1536 2
1537 3
1538 1
1539 3
1540 2
1541 2
1542 3
1543 2
1544 2
1545 2
1546 2
1547 2
1548 3
1549 3
1550 2
1551 2
1552 1
1553 3
1554 2
1555 1
1556 2
1557 2
1558 2
1559 1
1560 2
1561 2
1562 4
1563 1
1564 3
1565 2
1566 2
1567 2
1568 1
1569 2
1570 3
1571 2
1572 3
1573 3
1574 2
1575 2
1576 2
1577 3
1578 2
1579 3
1580 2
1581 2
1582 3
1583 2
1584 4
1585 2
1586 2
1587 3
1588 2
1589 3
1590 2
1591 2
1592 2
1593 2
1594 1
1595 3
1596 2
1597 5
1598 3
1599 2
1600 2
1601 2
1602 2
1603 2
1604 2
1605 3
1606 3
1607 2
1608 2
1609 2
1610 1
1611 2
1612 1
1613 2
1614 2
1615 2
1616 2
1617 1
1618 2
1619 2
1620 2
1621 3
1622 1
1623 3
1624 2
1625 3
1626 3
1627 2
1628 5
1629 4
1630 1
1631 2
1632 2
1633 2
1634 2
1635 3
1636 2
1637 2
1638 2
1639 3
1640 3
1641 3
1642 4
1643 1
1644 1
1645 3
1646 2
1647 2
1648 2
1649 3
1650 2
1651 2
1652 1
1653 3
1654 2
1655 2
1656 2
1657 3
1658 2
1659 2
1660 2
1661 3
1662 2
1663 2
1664 5
1665 2
1666 2
1667 3
1668 1
1669 1
1670 3
1671 2
1672 2
1673 2
1674 2
1675 3
1676 2
1677 1
1678 3
1679 4
1680 2
1681 2
1682 2
1683 1
1684 2
1685 1
1686 2
1687 3
1688 2
1689 1
1690 3
1691 3
1692 2
1693 3
1694 2
1695 2
1696 3
1697 3
1698 2
1699 2
1700 2
1701 1
1702 2
1703 2
1704 3
1705 2
1706 3
1707 2
1708 2
1709 2
1710 4
1711 2
1712 3
1713 2
1714 3
1715 3
1716 2
1717 2
1718 3
1719 1
1720 3
1721 3
1722 2
1723 2
1724 4
1725 2
1726 5
1727 1
1728 3
1729 3
1730 2
1731 3
1732 2
1733 3
1734 2
1735 3
1736 2
1737 3
1738 1
1739 3
1740 4
1741 3
1742 2
1743 1
1744 1
1745 2
1746 1
1747 3
1748 3
1749 2
1750 2
1751 3
1752 2
1753 3
1754 2
1755 3
1756 3
1757 2
1758 2
1759 2
1760 2
1761 2
1762 3
1763 2
1764 2
1765 2
1766 2
1767 2
1768 1
1769 3
1770 2
1771 3
1772 1
1773 2
1774 2
1775 2
1776 1
1777 3
1778 4
1779 3
1780 2
1781 2
1782 2
1783 1
1784 2
1785 2
1786 3
1787 2
1788 3
1789 2
1790 3
1791 2
1792 2
1793 1
1794 3
1795 2
1796 3
1797 3
1798 2
1799 2
1800 2
1801 2
1802 1
1803 2
1804 3
1805 2
1806 3
1807 2
1808 3
1809 1
1810 3
1811 1
1812 2
1813 2
1814 2
1815 2
1816 3
1817 1
1818 2
1819 2
1820 2
1821 2
1822 3
1823 3
1824 2
1825 2
1826 1
1827 2
1828 3
1829 3
1830 2
1831 3
1832 2
1833 3
1834 4
1835 2
1836 3
1837 2
1838 3
1839 1
1840 3
1841 2
1842 1
1843 1
1844 3
1845 1
1846 3
1847 3
1848 3
1849 2
1850 1
1851 3
1852 1
1853 3
1854 3
1855 2
1856 3
1857 1
1858 3
1859 2
1860 1
1861 3
1862 3
1863 3
1864 3
1865 3
1866 2
1867 2
1868 3
1869 2
1870 2
1871 2
1872 2
1873 2
1874 3
1875 2
1876 2
1877 2
1878 2
1879 3
1880 2
1881 3
1882 2
1883 2
1884 1
1885 2
1886 1
1887 2
1888 1
1889 2
1890 3
1891 2
1892 3
1893 3
1894 1
1895 2
1896 3
1897 1
1898 1
1899 2
1900 3
1901 1
1902 2
1903 2
1904 2
1905 2
1906 1
1907 3
1908 2
1909 1
1910 3
1911 3
1912 2
1913 3
1914 2
1915 2
1916 2
1917 2
1918 3
1919 1
1920 2
1921 3
1922 2
1923 2
1924 1
1925 3
1926 2
1927 1
1928 1
1929 2
1930 3
1931 3
1932 4
1933 1
1934 2
1935 1
1936 1
1937 3
1938 3
1939 2
1940 2
1941 3
1942 4
1943 2
1944 3
1945 3
1946 2
1947 2
1948 3
1949 2
1950 2
1951 2
1952 2
1953 2
1954 1
1955 3
1956 2
1957 3
1958 3
1959 2
1960 1
1961 2
1962 2
1963 2
1964 2
1965 2
1966 2
1967 1
1968 4
1969 3
1970 3
1971 3
1972 3
1973 2
1974 2
1975 1
1976 1
1977 3
1978 2
1979 3
1980 2
1981 3
1982 2
1983 2
1984 2
1985 1
1986 2
1987 2
1988 2
1989 3
1990 2
1991 3
1992 2
1993 2
1994 2
1995 3
1996 3
1997 2
1998 3
1999 2
2000 2
2001 2
2002 2
2003 2
2004 2
2005 2
2006 3
2007 2
2008 2
2009 1
2010 2
2011 1
2012 2
2013 2
2014 2
2015 2
2016 2
2017 2
2018 4
2019 2
2020 2
2021 2
2022 2
2023 1
2024 2
2025 2
2026 2
2027 2
2028 1
2029 5
2030 2
2031 1
2032 3
2033 3
2034 3
2035 3
2036 2
2037 2
2038 3
2039 2
2040 1
2041 3
2042 2
2043 2
2044 2
2045 2
2046 2
2047 2
2048 2
2049 2
2050 2
2051 3
2052 4
2053 3
2054 5
2055 2
2056 2
2057 2
2058 1
2059 2
2060 2
2061 4
2062 2
2063 2
2064 3
2065 5
2066 4
2067 3
2068 2
2069 1
2070 1
2071 3
2072 1
2073 2
2074 2
2075 2
2076 3
2077 2
2078 2
2079 2
2080 1
2081 2
2082 4
2083 3
2084 3
2085 2
2086 2
2087 2
2088 3
2089 4
2090 2
2091 2
2092 2
2093 2
2094 2
2095 2
2096 3
2097 1
2098 2
2099 4
2100 2
2101 2
2102 2
2103 3
2104 3
2105 4
2106 3
2107 2
2108 2
2109 4
2110 2
2111 3
2112 2
2113 3
2114 2
2115 3
2116 4
2117 2
2118 2
2119 2
2120 2
2121 3
2122 1
2123 3
2124 2
2125 3
2126 2
2127 3
2128 2
2129 3
2130 2
2131 2
2132 2
2133 3
2134 2
2135 2
2136 3
2137 2
2138 2
2139 2
2140 2
2141 1
2142 2
2143 3
2144 2
2145 2
2146 3
2147 2
2148 2
2149 2
2150 3
2151 3
2152 2
2153 3
2154 3
2155 1
2156 3
2157 3
2158 3
2159 1
2160 1
2161 2
2162 2
2163 2
2164 3
2165 2
2166 3
2167 2
2168 3
2169 3
2170 3
2171 2
2172 3
2173 3
2174 2
2175 2
2176 3
2177 1
2178 1
2179 2
2180 3
2181 2
2182 2
2183 2
2184 4
2185 2
2186 3
2187 2
2188 1
2189 2
2190 2
2191 3
2192 2
2193 1
2194 2
2195 3
2196 3
2197 2
2198 2
2199 1
2200 2
2201 2
2202 3
2203 2
2204 2
2205 2
2206 3
2207 2
2208 3
2209 2
2210 2
2211 3
2212 2
2213 2
2214 2
2215 2
2216 2
2217 1
2218 2
2219 2
2220 3
2221 2
2222 2
2223 2
2224 2
2225 1
2226 3
2227 2
2228 2
2229 2
2230 2
2231 3
2232 3
2233 2
2234 2
2235 3
2236 2
2237 2
2238 3
2239 3
2240 2
2241 3
2242 3
2243 2
2244 2
2245 2
2246 2
2247 2
2248 1
2249 2
2250 2
2251 2
2252 4
2253 3
2254 3
2255 3
2256 1
2257 3
2258 3
2259 2
2260 1
2261 1
2262 4
2263 2
2264 3
2265 2
2266 3
2267 2
2268 4
2269 2
2270 1
2271 3
2272 1
2273 2
2274 3
2275 2
2276 3
2277 2
2278 3
2279 2
2280 3
2281 3
2282 4
2283 2
2284 2
2285 2
2286 2
2287 4
2288 4
2289 1
2290 2
2291 1
2292 2
2293 2
2294 4
2295 1
2296 2
2297 3
2298 3
2299 3
2300 3
2301 2
2302 4
2303 2
2304 3
2305 1
2306 2
2307 2
2308 3
2309 2
2310 3
2311 2
2312 3
2313 2
2314 2
2315 3
2316 2
2317 3
2318 3
2319 3
2320 3
2321 2
2322 3
2323 1
2324 1
2325 2
2326 5
2327 2
2328 2
2329 3
2330 2
2331 3
2332 2
2333 4
2334 2
2335 2
2336 3
2337 3
2338 2
2339 1
2340 2
2341 2
2342 2
2343 3
2344 2
2345 4
2346 1
2347 2
2348 2
2349 3
2350 2
2351 2
2352 5
2353 1
2354 2
2355 1
2356 1
2357 3
2358 2
2359 3
2360 2
2361 2
2362 3
2363 3
2364 2
2365 3
2366 2
2367 3
2368 3
2369 2
2370 2
2371 2
2372 1
2373 1
2374 2
2375 3
2376 2
2377 2
2378 3
2379 3
2380 2
2381 2
2382 2
2383 3
2384 3
2385 3
2386 2
2387 3
2388 2
2389 2
2390 3
2391 2
2392 3
2393 2
2394 3
2395 3
2396 3
2397 2
2398 3
2399 2
2400 3
2401 2
2402 3
2403 1
2404 2
2405 2
2406 1
2407 3
2408 2
2409 3
2410 2
2411 4
2412 2
2413 2
2414 3
2415 2
2416 2
2417 2
2418 2
2419 2
2420 2
2421 3
2422 2
2423 2
2424 2
2425 2
2426 3
2427 3
2428 3
2429 2
2430 2
2431 2
2432 3
2433 3
2434 3
2435 2
2436 4
2437 3
2438 2
2439 3
2440 3
2441 3
2442 3
2443 2
2444 2
2445 4
2446 2
2447 3
2448 3
2449 3
2450 1
2451 3
2452 3
2453 2
2454 1
2455 1
2456 2
2457 3
2458 2
2459 2
2460 4
2461 2
2462 3
2463 2
2464 2
2465 2
2466 3
2467 2
2468 2
2469 3
2470 3
2471 3
2472 2
2473 2
2474 3
2475 2
2476 2
2477 2
2478 2
2479 1
2480 2
2481 3
2482 2
2483 3
2484 2
2485 2
2486 2
2487 3
2488 1
2489 2
2490 2
2491 2
2492 2
2493 3
2494 3
2495 2
2496 2
2497 2
2498 3
2499 1
2500 3
2501 3
2502 3
2503 2
2504 2
2505 2
2506 4
2507 3
2508 2
2509 2
2510 1
2511 3
2512 1
2513 3
2514 3
2515 3
2516 3
2517 3
2518 3
2519 4
2520 2
2521 3
2522 1
2523 2
2524 3
2525 2
2526 3
2527 2
2528 3
2529 2
2530 3
2531 3
2532 3
2533 3
2534 3
2535 2
2536 2
2537 4
2538 1
2539 2
2540 2
2541 2
2542 3
2543 2
2544 2
2545 3
2546 2
2547 3
2548 3
2549 2
2550 2
2551 2
2552 2
2553 2
2554 3
2555 2
2556 4
2557 2
2558 2
2559 2
2560 3
2561 2
2562 1
2563 2
2564 2
2565 2
2566 2
2567 2
2568 2
2569 2
2570 2
2571 1
2572 2
2573 3
2574 2
2575 2
2576 2
2577 3
2578 2
2579 1
2580 2
2581 1
2582 2
2583 3
2584 2
2585 4
2586 3
2587 2
2588 2
2589 2
2590 2
2591 1
2592 1
2593 3
2594 2
2595 3
2596 2
2597 2
2598 2
2599 2
2600 3
2601 2
2602 2
2603 1
2604 1
2605 2
2606 4
2607 2
2608 3
2609 2
2610 2
2611 1
2612 2
2613 1
2614 2
2615 3
2616 2
2617 2
2618 3
2619 3
2620 3
2621 2
2622 2
2623 2
2624 3
2625 1
2626 2
2627 2
2628 2
2629 2
2630 2
2631 1
2632 4
2633 2
2634 2
2635 2
2636 1
2637 2
2638 1
2639 1
2640 3
2641 2
2642 3
2643 3
2644 2
2645 2
2646 1
2647 2
2648 2
2649 2
2650 3
2651 2
2652 3
2653 2
2654 2
2655 3
2656 2
2657 2
2658 1
2659 3
2660 2
2661 2
2662 2
2663 2
2664 3
2665 3
2666 1
2667 3
2668 2
2669 3
2670 2
2671 3
2672 2
2673 2
2674 2
2675 2
2676 1
2677 3
2678 1
2679 2
2680 2
2681 3
2682 2
2683 2
2684 2
2685 2
2686 2
2687 2
2688 2
2689 1
2690 2
2691 2
2692 2
2693 3
2694 2
2695 2
2696 2
2697 2
2698 2
2699 2
2700 2
2701 2
2702 2
2703 3
2704 2
2705 3
2706 2
2707 1
2708 2
2709 1
2710 2
2711 2
2712 3
2713 2
2714 3
2715 2
2716 2
2717 1
2718 3
2719 1
2720 2
2721 1
2722 2
2723 2
2724 3
2725 3
2726 2
2727 3
2728 2
2729 2
2730 2
2731 2
2732 4
2733 3
2734 3
2735 4
2736 3
2737 1
2738 1
2739 1
2740 3
2741 2
2742 2
2743 2
2744 2
2745 3
2746 2
2747 2
2748 2
2749 2
2750 2
2751 2
2752 2
2753 2
2754 2
2755 2
2756 1
2757 3
2758 3
2759 3
2760 3
2761 2
2762 2
2763 1
2764 1
2765 2
2766 4
2767 2
2768 2
2769 2
2770 3
2771 3
2772 3
2773 2
2774 2
2775 2
2776 2
2777 2
2778 2
2779 3
2780 3
2781 3
2782 1
2783 2
2784 2
2785 2
2786 3
2787 2
2788 2
2789 2
2790 3
2791 3
2792 1
2793 2
2794 1
2795 2
2796 2
2797 2
2798 2
2799 2
2800 2
2801 2
2802 3
2803 3
2804 3
2805 3
2806 3
2807 4
2808 3
2809 3
2810 2
2811 3
2812 2
2813 1
2814 2
2815 2
2816 2
2817 2
2818 3
2819 4
2820 2
2821 2
2822 2
2823 3
2824 3
2825 2
2826 2
2827 2
2828 2
2829 2
2830 2
2831 3
2832 2
2833 3
2834 2
2835 2
2836 3
2837 2
2838 1
2839 2
2840 2
2841 1
2842 2
2843 2
2844 4
2845 3
2846 3
2847 2
2848 4
2849 3
2850 2
2851 1
2852 2
2853 2
2854 2
2855 3
2856 3
2857 3
2858 4
2859 2
2860 2
2861 3
2862 3
2863 3
2864 2
2865 2
2866 2
2867 3
2868 2
2869 3
2870 2
2871 2
2872 2
2873 2
2874 1
2875 2
2876 3
2877 3
2878 2
2879 2
2880 2
2881 3
2882 2
2883 2
2884 3
2885 2
2886 3
2887 1
2888 2
2889 2
2890 3
2891 3
2892 5
2893 1
2894 2
2895 2
2896 2
2897 4
2898 4
2899 2
2900 3
2901 2
2902 1
2903 2
2904 3
2905 2
2906 2
2907 4
2908 3
2909 2
2910 3
2911 3
2912 2
2913 2
2914 1
2915 3
2916 3
2917 4
2918 3
2919 3
2920 1
2921 2
2922 1
2923 2
2924 1
2925 2
2926 3
2927 3
2928 3
2929 4
2930 3
2931 4
2932 4
2933 3
2934 2
2935 1
2936 3
2937 2
2938 2
2939 3
2940 2
2941 3
2942 2
2943 3
2944 1
2945 2
2946 3
2947 2
2948 3
2949 5
2950 3
2951 2
2952 4
2953 4
2954 3
2955 3
2956 2
2957 2
2958 3
2959 1
2960 2
2961 2
2962 3
2963 3
2964 3
2965 2
2966 3
2967 2
2968 4
2969 3
2970 2
2971 3
2972 3
2973 2
2974 2
2975 4
2976 2
2977 4
2978 2
2979 3
2980 3
2981 2
2982 2
2983 2
2984 1
2985 2
2986 2
2987 1
2988 2
2989 2
2990 2
2991 3
2992 1
2993 2
2994 2
2995 2
2996 2
2997 2
2998 1
2999 2
3000 2
3001 2
3002 2
3003 1
3004 2
3005 2
3006 2
3007 2
3008 5
3009 2
3010 3
3011 2
3012 2
3013 2
3014 2
3015 3
3016 3
3017 2
3018 2
3019 1
3020 1
3021 3
3022 3
3023 2
3024 2
3025 3
3026 2
3027 3
3028 3
3029 3
3030 1
3031 3
3032 2
3033 2
3034 3
3035 2
3036 2
3037 2
3038 2
3039 2
3040 5
3041 2
3042 2
3043 2
3044 2
3045 1
3046 3
3047 3
3048 3
3049 3
3050 2
3051 3
3052 1
3053 2
3054 2
3055 2
3056 2
3057 2
3058 3
3059 2
3060 3
3061 2
3062 3
3063 3
3064 3
3065 2
3066 1
3067 3
3068 3
3069 2
3070 1
3071 2
3072 3
3073 2
3074 2
3075 3
3076 3
3077 3
3078 2
3079 1
3080 2
3081 3
3082 2
3083 2
3084 3
3085 2
3086 4
3087 4
3088 2
3089 2
3090 3
3091 2
3092 3
3093 1
3094 3
3095 2
3096 1
3097 2
3098 3
3099 2
3100 2
3101 3
3102 1
3103 3
3104 1
3105 2
3106 3
3107 3
3108 3
3109 1
3110 3
3111 2
3112 2
3113 2
3114 2
3115 2
3116 2
3117 3
3118 1
3119 2
3120 4
3121 1
3122 3
3123 2
3124 4
3125 4
3126 6
3127 3
3128 3
3129 3
3130 1
3131 3
3132 4
3133 2
3134 2
3135 2
3136 2
3137 2
3138 3
3139 2
3140 2
3141 1
3142 3
3143 1
3144 2
3145 3
3146 2
3147 2
3148 3
3149 2
3150 2
3151 2
3152 2
3153 2
3154 3
3155 2
3156 3
3157 3
3158 1
3159 2
3160 2
3161 2
3162 2
3163 3
3164 3
3165 2
3166 4
3167 3
3168 2
3169 3
3170 4
3171 3
3172 2
3173 2
3174 3
3175 2
3176 2
3177 2
3178 2
3179 2
3180 1
3181 2
3182 3
3183 3
3184 3
3185 3
3186 2
3187 2
3188 1
3189 2
3190 3
3191 2
3192 2
3193 2
3194 3
3195 2
3196 2
3197 2
3198 1
3199 2
3200 2
3201 3
3202 3
3203 2
3204 2
3205 2
3206 3
3207 2
3208 3
3209 2
3210 1
3211 2
3212 3
3213 2
3214 3
3215 2
3216 2
3217 2
3218 1
3219 2
3220 2
3221 2
3222 4
3223 2
3224 4
3225 2
3226 2
3227 2
3228 3
3229 2
3230 3
3231 1
3232 2
3233 2
3234 2
3235 3
3236 1
3237 2
3238 1
3239 1
3240 2
3241 2
3242 3
3243 3
3244 3
3245 3
3246 2
3247 2
3248 3
3249 4
3250 2
3251 2
3252 3
3253 3
3254 2
3255 3
3256 3
3257 1
3258 2
3259 1
3260 2
3261 1
3262 2
3263 2
3264 2
3265 3
3266 3
3267 2
3268 4
3269 2
3270 2
3271 2
3272 2
3273 1
3274 2
3275 1
3276 3
3277 3
3278 3
3279 3
3280 5
3281 3
3282 3
3283 2
3284 4
3285 2
3286 3
3287 1
3288 2
3289 3
3290 3
3291 4
3292 2
3293 2
3294 2
3295 2
3296 4
3297 2
3298 2
3299 2
3300 3
3301 3
3302 3
3303 4
3304 1
3305 2
3306 4
3307 3
3308 3
3309 2
3310 1
3311 3
3312 2
3313 2
3314 2
3315 1
3316 4
3317 4
3318 3
3319 2
3320 3
3321 3
3322 2
3323 1
3324 2
3325 2
3326 2
3327 2
3328 2
3329 3
3330 4
3331 3
3332 4
3333 1
3334 3
3335 3
3336 2
3337 1
3338 2
3339 2
3340 4
3341 3
3342 3
3343 3
3344 4
3345 2
3346 3
3347 2
3348 2
3349 1
3350 3
3351 2
3352 2
3353 2
3354 2
3355 2
3356 3
3357 2
3358 4
3359 0
3360 3
3361 2
3362 4
3363 4
3364 2
3365 4
3366 4
3367 4
3368 1
3369 1
3370 2
3371 2
3372 2
3373 4
3374 2
3375 3
3376 2
3377 2
3378 2
3379 1
3380 2
3381 2
3382 2
3383 3
3384 3
3385 2
3386 2
3387 2
3388 3
3389 3
3390 3
3391 2
3392 3
3393 2
3394 3
3395 3
3396 2
3397 2
3398 3
3399 2
3400 3
3401 2
3402 1
3403 2
3404 2
3405 3
3406 2
3407 2
3408 3
3409 3
3410 2
3411 4
3412 1
3413 2
3414 2
3415 3
3416 2
3417 2
3418 3
3419 4
3420 4
3421 2
3422 3
3423 3
3424 2
3425 2
3426 3
3427 2
3428 3
3429 2
3430 2
3431 3
3432 3
3433 3
3434 3
3435 3
3436 2
3437 2
3438 2
3439 3
3440 3
3441 2
3442 2
3443 2
3444 1
3445 3
3446 2
3447 2
3448 2
3449 2
3450 2
3451 4
3452 1
3453 4
3454 3
3455 3
3456 3
3457 4
3458 2
3459 3
3460 1
3461 2
3462 1
3463 3
3464 2
3465 3
3466 3
3467 2
3468 2
3469 1
3470 2
3471 2
3472 3
3473 3
3474 2
3475 2
3476 3
3477 2
3478 3
3479 2
3480 3
3481 3
3482 3
3483 2
3484 3
3485 2
3486 3
3487 3
3488 3
3489 2
3490 3
3491 2
3492 4
3493 0
3494 3
3495 2
3496 2
3497 4
3498 3
3499 3
3500 2
3501 4
3502 2
3503 2
3504 2
3505 3
3506 2
3507 1
3508 3
3509 2
3510 3
3511 2
3512 5
3513 3
3514 3
3515 3
3516 2
3517 2
3518 7
3519 2
3520 2
3521 2
3522 2
3523 2
3524 2
3525 2
3526 2
3527 3
3528 2
3529 2
3530 4
3531 2
3532 2
3533 4
3534 2
3535 3
3536 3
3537 2
3538 3
3539 2
3540 1
3541 3
3542 2
3543 2
3544 2
3545 3
3546 3
3547 2
3548 1
3549 2
3550 3
3551 2
3552 3
3553 3
3554 2
3555 2
3556 1
3557 1
3558 3
3559 2
3560 2
3561 3
3562 3
3563 1
3564 3
3565 3
3566 3
3567 2
3568 3
3569 1
3570 3
3571 1
3572 2
3573 3
3574 2
3575 3
3576 2
3577 2
3578 1
3579 3
3580 1
3581 2
3582 2
3583 3
3584 3
3585 3
3586 3
3587 2
3588 3
3589 3
3590 4
3591 3
3592 3
3593 1
3594 4
3595 2
3596 3
3597 1
3598 2
3599 4
3600 3
3601 2
3602 2
3603 1
3604 4
3605 3
3606 1
3607 1
3608 2
3609 1
3610 2
3611 2
3612 2
3613 1
3614 1
3615 2
3616 3
3617 4
3618 4
3619 3
3620 2
3621 2
3622 2
3623 5
3624 2
3625 3
3626 2
3627 3
3628 2
3629 3
3630 3
3631 1
3632 4
3633 2
3634 2
3635 3
3636 2
3637 2
3638 3
3639 4
3640 1
3641 3
3642 2
3643 1
3644 3
3645 2
3646 3
3647 2
3648 2
3649 2
3650 1
3651 3
3652 3
3653 2
3654 3
3655 2
3656 1
3657 2
3658 2
3659 2
3660 3
3661 1
3662 2
3663 3
3664 4
3665 3
3666 3
3667 2
3668 2
3669 2
3670 1
3671 3
3672 2
3673 3
3674 2
3675 2
3676 3
3677 2
3678 2
3679 2
3680 3
3681 2
3682 2
3683 2
3684 2
3685 4
3686 2
3687 1
3688 2
3689 3
3690 2
3691 3
3692 3
3693 2
3694 3
3695 2
3696 3
3697 2
3698 3
3699 2
3700 3
3701 3
3702 2
3703 2
3704 2
3705 2
3706 3
3707 3
3708 1
3709 2
3710 4
3711 2
3712 2
3713 2
3714 2
3715 2
3716 2
3717 4
3718 2
3719 1
3720 2
3721 2
3722 1
3723 4
3724 2
3725 2
3726 2
3727 3
3728 2
3729 2
3730 2
3731 2
3732 2
3733 3
3734 1
3735 3
3736 2
3737 4
3738 4
3739 4
3740 3
3741 2
3742 3
3743 2
3744 2
3745 2
3746 2
3747 2
3748 2
3749 1
3750 2
3751 2
3752 2
3753 1
3754 2
3755 1
3756 2
3757 2
3758 1
3759 2
3760 1
3761 3
3762 1
3763 3
3764 2
3765 3
3766 1
3767 2
3768 1
3769 2
3770 2
3771 2
3772 1
3773 2
3774 2
3775 2
3776 3
3777 3
3778 5
3779 3
3780 4
3781 5
3782 4
3783 2
3784 3
3785 2
3786 1
3787 2
3788 4
3789 3
3790 4
3791 1
3792 1
3793 5
3794 4
3795 2
3796 3
3797 3
3798 2
3799 2
3800 1
3801 2
3802 2
3803 4
3804 2
3805 2
3806 3
3807 3
3808 2
3809 2
3810 4
3811 2
3812 2
3813 2
3814 3
3815 4
3816 2
3817 3
3818 3
3819 7
3820 4
3821 4
3822 3
3823 2
3824 3
3825 2
3826 5
3827 3
3828 2
3829 2
3830 2
3831 3
3832 3
3833 2
3834 2
3835 3
3836 3
3837 2
3838 4
3839 3
3840 3
3841 1
3842 3
3843 3
3844 3
3845 3
3846 1
3847 1
3848 6
3849 2
3850 1
3851 2
3852 3
3853 3
3854 3
3855 3
3856 2
3857 4
3858 4
3859 4
3860 3
3861 2
3862 3
3863 3
3864 3
3865 1
3866 4
3867 3
3868 3
3869 3
3870 2
3871 3
3872 3
3873 2
3874 2
3875 3
3876 4
3877 3
3878 4
3879 3
3880 2
3881 1
3882 2
3883 4
3884 4
3885 2
3886 2
3887 2
3888 2
3889 2
3890 4
3891 4
3892 2
3893 4
3894 4
3895 4
3896 3
3897 2
3898 4
3899 1
3900 5
3901 3
3902 3
3903 4
3904 2
3905 3
3906 3
3907 3
3908 4
3909 3
3910 3
3911 3
3912 3
3913 3
3914 2
3915 2
3916 2
3917 2
3918 1
3919 1
3920 2
3921 3
3922 2
3923 3
3924 3
3925 1
3926 2
3927 2
3928 2
3929 3
3930 2
3931 1
3932 8
3933 2
3934 5
3935 3
3936 3
3937 4
3938 2
3939 3
3940 3
3941 3
3942 1
3943 3
3944 3
3945 4
3946 2
3947 2
3948 4
3949 4
3950 2
3951 1
3952 3
3953 3
3954 4
3955 5
3956 3
3957 3
3958 3
3959 3
3960 3
3961 3
3962 3
3963 4
3964 3
3965 3
3966 2
3967 3
3968 4
3969 4
3970 3
3971 2
3972 2
3973 3
3974 2
3975 4
3976 2
3977 2
3978 2
3979 3
3980 3
3981 2
3982 3
3983 4
3984 3
3985 2
3986 3
3987 2
3988 2
3989 4
3990 3
3991 2
3992 4
3993 3
3994 4
3995 2
3996 4
3997 3
3998 4
3999 4
4000 3
4001 3
4002 3
4003 2
4004 2
4005 4
4006 3
4007 4
4008 3
4009 7
4010 3
4011 3
4012 5
4013 6
4014 3
4015 2
4016 1
4017 2
4018 4
4019 2
4020 3
4021 1
4022 4
4023 2
4024 1
4025 3
4026 3
4027 2
4028 3
4029 2
4030 4
4031 2
4032 2
4033 3
4034 5
4035 4
4036 6
4037 3
4038 2
4039 2
4040 3
4041 3
4042 4
4043 3
4044 3
4045 4
4046 5
4047 2
4048 3
4049 2
4050 4
4051 3
4052 3
4053 1
4054 3
4055 3
4056 1
4057 5
4058 3
4059 3
4060 2
4061 1
4062 2
4063 3
4064 2
4065 2
4066 3
4067 2
4068 3
4069 4
4070 3
4071 4
4072 4
4073 3
4074 6
4075 4
4076 4
4077 4
4078 3
4079 3
4080 1
4081 2
4082 3
4083 3
4084 3
4085 3
4086 2
4087 2
4088 3
4089 3
4090 4
4091 5
4092 2
4093 3
4094 3
4095 2
4096 4
4097 1
4098 2
4099 4
4100 2
4101 1
4102 3
4103 2
4104 4
4105 2
4106 3
4107 3
4108 4
4109 3
4110 4
4111 7
4112 2
4113 3
4114 2
4115 4
4116 4
4117 5
4118 2
4119 2
4120 2
4121 3
4122 2
4123 3
4124 2
;