param : rimes :=
5738 0
5730 1
5726 2
5714 3
5693 4
5689 5
5671 6
5660 7
5654 8
5643 9
5614 10
5602 11
5582 12
5580 13
5579 14
5577 15
5570 16
5567 17
5563 18
5560 19
5557 20
5534 21
5530 22
5675 22
5495 23
5494 24
5483 25
5478 26
5465 27
5467 27
5462 28
5453 29
5441 30
5410 31
5407 32
5402 33
5385 34
5382 35
5368 36
5720 36
5350 37
5344 38
5343 39
5339 40
5334 41
5328 42
5312 43
5301 44
5289 45
5275 46
5267 47
5259 48
5254 49
5426 50
5247 50
5246 51
5238 52
5224 53
5222 54
5213 55
5204 56
5198 57
5188 58
5182 59
5183 59
5172 60
5152 61
5135 62
5132 63
5109 64
5107 65
5083 66
5075 67
5080 67
5067 68
5040 69
5037 70
5039 70
5024 71
5017 72
4991 73
4981 74
4982 74
4976 75
4953 76
4932 77
4999 77
4923 78
4916 79
5691 79
4899 80
4893 81
4871 82
4861 83
4837 84
4791 85
4785 86
4782 87
5086 87
4775 88
4749 89
4714 90
4708 91
5124 92
4697 92
4689 93
4683 94
4678 95
4675 96
5459 96
4885 96
4674 97
4670 97
4668 98
4659 99
5305 99
4651 100
4648 101
4645 102
4639 103
4617 104
4608 105
5044 105
4985 105
4997 106
4600 106
4587 107
4560 108
4624 109
4944 109
4558 109
4557 110
4525 111
4522 112
4499 113
4498 114
4811 114
4491 115
4487 116
4468 117
4472 117
4456 118
4462 118
4443 119
4621 119
4430 120
4402 121
4401 122
4398 123
5212 124
4397 124
4367 125
4363 126
4358 127
4357 128
4350 129
5479 130
4349 130
4351 130
4348 131
4347 132
4342 133
4336 134
4332 135
4331 136
4329 137
5749 138
4326 138
4324 139
4322 140
4319 141
4314 142
4312 143
4303 144
4298 145
4283 146
4259 147
5507 148
4252 148
4249 149
5647 149
4245 150
4241 151
4229 152
4227 153
4226 154
4219 155
4217 156
4213 157
4203 158
4261 159
4202 159
4201 160
4186 161
4160 162
4144 163
4562 163
4136 164
4132 165
4131 166
5366 166
4125 167
4098 168
4070 169
4761 169
5594 169
4068 170
4052 171
4570 171
4048 172
5206 172
4536 172
4044 173
4039 174
4619 174
4023 175
4015 176
3975 177
5030 178
3949 178
3947 179
3946 180
3944 181
4461 181
3928 182
3925 183
3914 184
3908 185
3892 186
3887 187
5744 188
3885 188
3876 189
3875 190
3870 191
3866 192
3859 193
4917 193
3857 194
4901 194
4193 195
4194 195
3853 195
3850 196
3844 197
3822 198
3819 199
3818 200
3817 201
5199 201
3816 202
4818 203
3803 203
3782 204
3776 205
3765 206
3764 207
3754 208
3749 209
3751 209
3718 210
3712 211
3710 212
4858 213
3709 213
3703 214
3855 214
5249 215
3694 215
4559 215
3682 216
3681 217
4466 218
3679 218
3657 219
3653 220
3635 221
3634 222
3632 223
4524 223
3633 224
5105 224
5113 224
3631 224
3627 225
3625 226
3614 227
3613 228
3601 229
4943 229
5335 230
3881 230
3595 230
5617 231
3941 231
5318 231
3594 231
5498 231
5595 231
3630 231
3592 232
4940 232
3588 233
3585 234
3577 235
3570 236
3564 237
3560 238
3552 239
3553 239
3548 240
3542 241
3547 241
3535 242
3532 243
3529 244
3526 245
5292 245
3521 246
3527 246
3482 247
3486 247
3481 248
3459 249
4047 249
3458 250
3457 251
3444 252
3441 253
3970 254
3924 254
3769 254
3434 254
5133 254
3430 255
4766 255
3424 256
3864 257
3422 257
3417 258
3405 259
3395 260
4667 260
4198 261
3390 261
3386 262
3699 263
3383 263
3705 263
3381 264
3376 265
3373 266
3359 267
3348 268
4604 268
4286 268
3346 269
3342 270
3327 271
3303 272
4564 273
5637 273
3992 273
4568 273
5371 273
3295 273
3291 274
3274 275
3257 276
3240 277
4459 277
3239 278
3331 279
4851 279
3231 279
3227 280
3225 281
3224 282
3715 283
3215 283
3210 284
3205 285
3202 286
3856 287
3195 287
4123 287
3190 288
3188 289
4027 289
3173 290
3160 291
4025 291
3152 292
4746 293
3147 293
3142 294
3122 295
5541 296
3119 296
3106 297
5629 297
3103 298
3100 299
3489 300
3091 300
3491 300
3416 300
3080 301
3488 302
3069 302
4721 303
3060 303
3057 304
3054 305
3053 306
5016 307
3050 307
3083 307
4069 308
3047 308
3043 309
4527 309
3041 310
4168 310
4028 310
3039 311
3037 312
3035 313
3515 313
4253 313
4574 313
3921 314
4230 314
3033 314
3030 315
3027 316
4602 316
3392 317
3952 317
4882 317
3396 317
4810 317
3019 317
4589 317
4957 317
5391 317
5171 318
3076 318
3078 318
3016 318
4138 318
5002 318
4061 318
3014 319
3008 320
3317 320
5576 320
3996 320
4979 321
3004 321
4768 322
3000 322
4073 322
3003 322
4764 322
2997 323
3305 323
3929 323
3514 323
2993 324
3314 324
3603 324
3590 324
4364 324
3757 324
2991 325
2974 326
2953 327
3410 328
5155 328
2952 328
3728 329
2931 329
3731 329
3169 330
4278 330
2926 330
2922 331
2899 332
2898 333
5015 334
2872 334
2866 335
2865 336
2844 337
2836 338
2834 339
2832 340
5438 340
3618 341
2827 341
2825 342
2822 343
3869 343
4366 343
2821 344
2817 345
3910 346
2813 346
4282 347
2812 347
2809 348
2811 348
3572 349
2793 349
4909 349
2778 350
2773 351
3645 351
2765 352
2763 353
5500 354
2750 354
2743 355
2852 356
3013 356
2742 356
3497 356
3596 356
3597 356
5336 357
2731 357
4428 357
2725 358
2724 359
4022 359
2716 360
4838 361
2713 361
5242 361
2698 362
2694 363
2831 363
2690 364
2673 365
2691 365
3112 365
3964 366
2670 366
2664 367
3448 367
5457 368
5555 368
2661 368
4583 368
5550 368
5537 369
2660 369
5303 369
5304 369
4315 369
5435 369
4812 369
2658 370
2654 371
3568 372
3571 372
5252 372
5364 372
2647 372
5623 372
2702 372
2646 373
2644 374
5323 374
5520 375
5521 375
2643 375
4056 375
2640 376
5341 376
2628 377
2626 378
5404 378
4270 378
2624 379
4352 379
5008 379
5632 379
5696 379
4355 379
2717 379
3248 380
2726 380
2620 380
2617 381
2615 382
3617 383
2614 383
2611 384
2610 385
4834 385
3315 385
2613 385
5365 385
4702 385
2595 386
2592 387
2583 388
2787 389
2582 389
2589 389
3490 390
2579 390
3464 391
2569 391
2568 392
5460 393
2558 393
2550 394
3629 394
2547 395
2545 396
2544 397
2540 398
3696 399
2539 399
3778 400
4486 400
2526 400
3774 400
3806 400
4591 400
2524 401
2522 402
2519 403
2518 404
2517 405
2503 406
2597 407
5174 407
2599 407
5146 407
2492 407
4460 407
5484 407
4797 407
2488 408
2479 409
2478 410
2475 411
4649 412
2474 412
2469 413
2466 414
5591 414
2461 415
2459 416
2421 417
2752 418
4528 418
2755 418
3243 418
2414 418
2413 419
3368 420
2412 420
2402 421
3093 421
2681 421
5515 421
2399 422
2394 423
2386 424
5211 424
2383 425
2913 426
5033 426
2381 426
4243 427
2375 427
3085 427
3197 427
3199 427
2373 428
2395 428
5405 428
4030 428
2370 429
2883 429
2368 430
4772 430
4072 430
2839 431
2360 431
3304 431
4206 431
2356 432
2341 433
2337 434
2596 434
2364 434
5607 435
2330 435
2327 436
2920 437
2319 437
2310 438
4795 438
5200 439
2307 439
2300 440
3088 441
4967 441
2297 441
4305 442
2290 442
3954 442
4518 442
2504 442
2889 442
3628 442
2365 442
3326 442
2815 442
4257 443
2277 443
2934 443
4055 443
3052 443
2271 444
5218 445
2391 445
2269 445
2275 446
2267 446
2266 447
2261 448
4293 448
2438 448
2251 449
5565 449
2249 450
5296 451
2246 451
5195 451
2231 452
2225 453
2224 454
5531 454
3960 455
2218 455
2210 456
3986 456
4267 456
5196 456
2385 457
2200 457
5442 458
2198 458
2445 458
2193 459
2192 460
5735 461
4058 461
2190 461
2189 462
2222 462
2696 463
2187 463
2182 464
2175 465
2242 466
2171 466
2170 467
2168 468
2165 469
2163 470
4707 470
5539 470
3508 470
5508 470
5639 470
4424 470
4594 471
2153 471
4441 471
2147 472
2145 473
2144 474
3404 474
2138 475
2133 476
3883 476
2120 477
2118 478
2112 479
2115 479
4752 480
2106 480
4013 480
3678 480
3377 481
2104 481
2105 481
2318 481
5615 481
2097 482
2430 482
4857 483
2091 483
2090 484
5205 485
2089 485
2088 486
3586 487
2087 487
3758 487
2083 488
2081 489
2069 490
2076 490
2079 490
5648 491
2065 491
3665 492
2166 492
2062 492
2058 493
2057 494
3827 495
3830 495
2056 495
4526 495
2049 496
5743 496
2044 497
2035 498
2043 498
2026 499
2021 500
2095 500
2019 501
5692 501
2016 502
2947 502
2015 503
2096 504
2085 504
2008 504
3563 504
2093 504
2004 505
2352 506
3936 506
4002 506
3574 506
3465 506
1995 506
5715 507
1990 507
3583 507
1984 508
4158 508
1977 509
4959 509
4182 510
1966 510
5338 511
1963 511
2651 511
5121 512
5234 512
5571 512
1958 512
3414 512
4887 512
2331 512
3084 512
3871 512
4019 513
1957 513
2650 513
2880 514
1956 514
3670 514
1953 515
2417 515
2521 515
1951 516
4010 517
1948 517
1944 518
4362 518
5536 519
2369 519
1943 519
1941 520
3153 521
4242 521
1939 521
4890 522
1932 522
1922 523
2506 523
1920 524
4279 524
3323 524
3900 524
3727 524
3539 525
5511 525
5161 525
1916 525
4709 526
4630 526
1912 526
3145 526
4961 527
2915 527
1911 527
3658 527
3802 527
1909 528
1906 529
1905 530
1903 531
1902 532
4159 532
1899 533
2560 534
2562 534
5397 534
1894 534
4438 534
4854 534
2557 534
1892 535
2265 535
3882 535
1889 536
1880 537
1879 538
2584 538
1872 539
1923 540
2099 540
4436 540
1863 540
2457 540
2747 540
2221 540
3229 540
5103 540
1857 541
3814 541
2055 541
2586 541
1847 542
1846 543
1843 544
3701 545
1835 545
4928 546
2162 546
1833 546
4318 546
1832 547
1831 548
1830 549
4088 549
4092 549
4255 549
3296 550
1827 550
3461 550
3463 550
1826 551
4803 552
3732 552
5386 552
2060 552
1821 552
3981 552
1817 553
3344 554
1812 554
1810 555
4698 555
3264 556
1794 556
1799 556
2487 556
4843 556
3102 556
5699 557
1896 557
1786 557
3739 557
1785 558
2515 559
3638 559
5606 559
1784 559
5192 559
3722 559
5678 559
2146 560
4325 560
1783 560
5447 560
5624 560
1777 561
1973 561
1776 562
1771 563
3693 563
1767 564
1763 565
4211 565
2374 565
4822 565
3415 565
1760 566
3473 566
4054 566
1752 567
1751 568
1750 569
3748 570
1749 570
4146 571
4580 571
5428 571
4597 571
3831 571
2841 571
1738 571
3168 572
1731 572
4891 572
2256 573
3763 573
3545 573
3898 573
1723 573
3228 573
1781 574
1721 574
5379 575
1719 575
1715 576
5688 576
2845 576
4895 576
1714 577
1712 578
1708 579
4541 579
5646 579
4680 580
1706 580
3530 580
3522 581
1705 581
1704 582
1703 583
1701 584
4374 584
2169 584
1693 585
1688 586
1684 587
5482 587
1683 588
3292 588
1673 589
2238 590
1663 590
3519 590
1874 591
2436 591
3723 591
1661 591
1658 592
1654 593
1648 594
4420 595
1647 595
1642 596
1764 597
4852 597
2012 597
1631 597
1629 598
2276 599
5418 599
1627 599
2987 599
1980 599
3324 599
3071 599
4815 599
4145 600
1620 600
4870 600
5001 600
3133 600
1630 600
1616 601
2434 601
3435 601
1614 602
3300 603
1606 603
1588 604
1587 605
4113 606
2692 606
4184 606
1582 606
4275 607
5145 607
1579 607
1578 608
5003 608
3612 608
1575 609
1574 610
1565 611
4469 612
1561 612
1641 612
1557 613
1550 614
3040 615
1540 615
1621 615
1537 616
2739 616
2260 616
2452 616
1769 616
3290 616
4059 616
3117 616
4062 616
5310 616
4927 616
1536 617
1545 617
1529 618
2779 618
1520 619
2580 620
1516 620
2257 621
2098 621
2259 621
1511 621
2679 621
1918 621
1510 622
3745 623
1506 623
4820 624
3994 624
1502 624
4143 624
5705 625
1499 625
5099 625
2957 625
4941 625
1494 626
1500 626
1493 627
4320 628
1492 628
2325 628
2235 628
3294 628
1808 629
4032 629
1490 629
2179 629
4937 629
2109 629
1870 629
1488 630
2401 630
1618 630
3260 630
1672 631
1486 631
4414 631
1478 632
1476 633
5652 633
5034 633
4780 633
1473 634
4823 634
1692 634
5581 634
5111 635
1471 635
1470 636
4271 636
1465 637
4156 637
3661 637
4157 637
4942 637
3663 637
2448 638
1455 638
4432 639
3409 639
4114 639
1446 639
1930 639
1452 639
3245 639
3501 639
1534 639
1443 640
1461 640
1449 640
2491 640
1439 640
4625 641
5081 641
5084 641
1437 641
3955 642
1436 642
1432 643
4601 643
5342 643
1426 644
1425 645
1424 646
4001 646
2450 646
5458 646
4467 646
3012 646
4020 646
3846 646
4824 646
4793 646
1854 646
5600 647
4725 647
1430 647
2730 647
1423 647
3599 647
4831 647
1414 648
3982 648
1412 649
1411 650
5727 650
1408 651
1407 652
1404 653
1399 654
1398 655
3591 655
3562 655
5210 655
1397 656
5326 656
1393 657
4264 657
4801 658
3874 658
4566 658
5434 658
1391 658
1387 659
3884 659
1381 660
3320 660
4127 660
1380 661
5657 661
4043 661
1377 662
1376 663
2194 664
1369 664
2460 664
3230 664
2351 664
3983 664
1362 665
1361 666
3828 666
3781 666
2378 666
1360 667
5586 667
4437 667
2837 668
1353 668
5340 668
2309 669
1352 669
1351 670
1348 671
1356 671
1346 672
1344 673
1338 674
1332 675
1328 676
1945 676
2870 677
5047 677
3736 677
1327 677
1326 678
1898 679
1324 679
1321 680
1514 680
1319 681
3543 681
1754 681
2666 681
1318 682
3650 683
1316 683
1314 684
2202 684
4960 685
4434 685
2571 685
4989 685
1310 685
3504 686
1713 686
5201 686
1428 686
1593 686
3787 686
1309 686
4109 686
2398 686
2447 686
1308 687
1884 687
1300 688
1299 689
1586 690
2810 690
5676 690
4365 690
1294 690
3406 690
1289 691
3674 691
4354 692
1286 692
1285 693
2537 693
2745 693
4017 694
3717 694
1278 694
4321 695
2230 695
1271 695
2247 695
4431 695
3793 696
1269 696
2440 696
4745 696
1518 696
3278 696
1264 697
4153 697
5241 697
2443 697
4507 697
5468 697
2002 698
2248 698
1263 698
2800 699
1266 699
5031 699
1258 699
5178 699
2955 699
4748 699
2429 699
3998 699
2655 699
1257 700
1457 701
1256 701
1255 702
3097 702
1981 702
4445 702
1254 703
1253 704
5330 705
1251 705
3689 705
3436 705
3022 705
1248 706
3762 707
1604 707
1241 707
5308 707
1239 708
5035 708
1234 709
4390 709
4392 709
3520 710
4977 710
4627 710
3867 710
1230 710
3262 710
1227 711
1792 712
1225 712
1409 713
1224 713
1222 714
3945 714
1229 714
4643 715
2788 715
1221 715
1862 715
1303 715
1927 715
1219 716
1217 717
1215 718
1214 719
1213 720
1211 721
1469 721
1208 722
1954 723
1652 723
1207 723
1959 723
4862 723
1247 723
1206 724
1645 724
1205 725
4292 726
4900 726
4085 726
1337 726
4473 726
1196 726
4429 726
1195 727
1188 728
3956 728
1685 728
1187 729
5456 730
1186 730
1890 730
4701 730
4993 731
4549 731
5702 731
2861 731
5038 731
4881 731
3476 731
4662 731
2903 731
3095 731
5592 731
3418 731
3419 731
4827 731
1181 731
3136 732
4180 732
1180 732
4592 733
5378 733
1175 733
2428 733
3426 734
1171 734
1169 735
2622 735
2160 736
1281 736
5217 736
1955 736
5223 736
5575 736
1594 736
1166 736
1163 737
1986 738
1992 738
1162 738
2990 738
1161 739
1154 740
4115 740
1153 741
1152 742
1765 742
4391 742
5021 742
3988 743
3063 743
1146 743
1742 743
1139 744
1138 745
4311 745
1864 745
1137 746
1122 747
1602 748
4133 748
5000 748
3275 748
1116 748
2014 748
1115 749
2040 750
1114 750
1293 750
1119 750
1113 751
2927 751
4224 752
1109 752
1108 753
2039 753
3930 753
1107 754
2979 754
1828 755
3479 755
1100 755
1098 756
2843 756
4699 756
4384 757
1095 757
1983 757
1093 758
1089 759
4417 759
1491 759
1484 759
3214 759
1088 760
3249 761
1157 761
1087 761
3872 762
2403 762
1413 762
1127 762
1735 762
2616 762
1994 762
3002 762
1676 762
1085 762
5469 762
1084 763
4578 764
2131 764
4451 764
4453 764
1080 764
4904 764
2704 765
1601 765
5650 765
5381 765
1079 765
5513 765
4939 765
2031 765
2431 765
1075 766
3471 766
1074 767
1072 768
4915 768
1078 768
4924 768
1261 768
1069 769
5524 770
1061 770
4936 770
5243 770
2274 771
4770 771
5538 771
1060 771
2471 771
3307 771
2127 771
3615 771
1058 772
1056 773
3137 773
3971 773
2312 773
3880 773
4618 773
4174 773
3791 773
4879 773
1649 773
5427 773
1076 773
2868 773
3130 773
2332 773
4821 774
1055 774
3072 775
1050 775
2735 775
1728 776
2129 776
1125 776
1049 776
1040 777
1036 778
2829 778
2575 778
1651 779
2966 779
2936 779
1035 779
5051 779
1231 779
1028 780
3973 780
1694 780
1025 781
2258 781
5173 781
3286 781
4235 781
1024 782
4729 782
1637 783
3144 783
4875 783
1420 783
1021 783
2030 783
1020 784
3916 784
1775 784
1017 785
2176 786
1016 786
1184 787
2371 787
1031 787
4551 787
5321 787
4779 787
2188 787
3468 787
4272 787
1015 787
1178 787
2684 787
4031 787
2372 788
1013 788
1012 789
1010 790
1026 790
3730 790
2199 790
1007 791
1664 792
2272 792
1636 792
1030 792
4872 792
1003 792
2959 792
4532 792
3862 792
1623 792
2648 792
1626 792
5274 792
3677 792
3007 792
3860 793
1240 793
2328 793
1001 793
2233 793
3578 793
2444 793
3420 793
1438 793
3668 794
998 794
1004 794
4802 795
3939 795
4195 795
3492 795
997 795
4485 795
5669 795
3974 795
3079 795
1576 795
4266 795
5674 795
1681 795
4053 795
3191 795
3673 795
2010 795
4666 795
3804 795
996 796
995 797
5102 797
4140 798
991 798
2435 799
989 799
4850 800
2536 800
3192 800
988 800
5101 800
5231 800
986 801
1487 801
979 802
974 803
964 804
2184 804
4538 804
1867 804
3713 805
963 805
3124 805
2885 805
1463 805
1466 805
1546 805
2092 805
962 806
4370 806
4200 806
5673 806
4906 806
4990 806
960 807
2965 807
3493 807
959 808
3987 809
956 809
1374 809
955 810
2720 811
950 811
3049 811
949 812
4197 812
2601 812
2606 812
948 813
945 814
2209 815
1002 815
1548 815
2876 815
941 815
2205 815
2239 815
939 816
2252 816
5294 816
937 817
935 818
2191 818
933 819
930 820
1244 820
1454 820
929 821
928 822
2017 822
1972 822
4724 822
2902 822
2439 822
4199 822
1690 822
2972 822
5711 822
3600 823
3937 823
1507 823
926 823
923 824
2923 824
922 825
1155 826
921 826
4716 826
918 827
3785 827
4223 827
911 828
907 829
896 830
5237 830
5239 830
4505 830
4571 830
908 830
3565 830
4575 830
894 831
2512 832
4220 832
893 832
1295 832
4543 832
5423 832
3233 833
4166 833
4167 833
5514 833
5546 833
3820 833
5164 833
2605 833
2195 833
5395 833
4504 833
891 833
4573 833
4542 833
3777 834
889 834
888 835
2984 835
3104 836
884 836
880 837
3009 838
2338 838
3011 838
1252 838
4038 838
877 838
3598 838
2864 838
4723 838
3700 838
3861 838
3834 838
3743 838
3505 839
2948 839
5317 839
3302 839
4792 839
875 839
1451 839
1068 839
5516 839
5455 839
870 840
2287 840
869 841
4150 841
867 842
3293 842
1406 842
5519 842
866 843
1877 844
3719 844
3721 844
859 844
3676 844
2304 845
3716 845
1573 845
5319 845
4747 845
5361 845
1365 845
1849 845
858 845
3354 845
5306 845
5466 845
2299 845
4155 845
4669 845
2769 846
5026 846
1284 846
3558 846
2600 846
3064 846
857 846
3761 847
4353 847
853 847
5480 847
5481 847
5722 847
5724 847
2877 847
847 848
2770 849
2117 849
4204 849
846 849
845 850
851 851
841 851
2029 851
840 852
2992 853
835 853
1893 853
3702 853
855 853
1335 853
3737 853
2573 853
2639 853
834 854
1730 854
4610 854
1716 854
2262 854
2264 854
1743 854
832 855
1298 855
3646 855
1158 856
830 856
829 857
3725 857
3966 857
3223 858
827 858
4238 858
3698 859
822 859
3965 859
3059 860
820 860
1091 861
5443 861
1797 861
4998 861
1544 861
5448 861
3913 861
4041 861
5641 861
1805 861
5261 861
5645 861
5262 861
2511 861
3984 861
3985 861
1106 861
4692 861
5269 861
2710 861
3734 861
2072 861
5273 861
2970 861
4896 861
1505 861
4966 861
3048 861
873 861
817 861
4978 861
1203 861
4660 861
1144 861
816 862
2066 862
2420 862
3604 862
1029 862
2150 862
1063 862
5573 863
5430 863
811 863
3917 863
2530 864
3794 864
1379 864
810 864
3281 865
3589 865
4134 865
808 865
1897 865
3276 865
1726 865
2688 866
2945 866
3204 866
4164 866
3402 866
2701 866
2574 866
1372 866
4572 866
4892 866
2141 866
1054 866
1311 866
2467 866
2981 866
807 866
4584 866
5608 866
2025 866
4585 866
1198 866
1396 866
4405 866
5045 866
4470 866
5049 866
5116 866
4049 867
805 867
2887 867
2632 867
2073 867
4425 867
1531 867
2892 867
993 868
803 868
2211 868
4968 868
5325 868
3070 868
802 869
5653 870
2232 870
4393 870
4409 870
799 870
4753 871
3282 871
3128 871
3113 871
3901 871
798 871
3935 871
1987 872
3587 872
5475 872
1480 872
4009 872
4042 872
2699 872
3244 872
5228 872
1133 872
1549 872
2477 872
1359 872
3920 872
849 872
2833 872
4369 872
1875 872
3284 872
5013 872
1274 872
2618 872
796 872
3358 872
3704 873
795 873
5517 873
789 874
3398 874
787 875
4832 876
4276 876
5492 876
1989 876
2581 876
4954 876
4956 876
782 876
3540 877
781 877
4945 878
5315 878
1401 878
780 878
3287 879
778 879
1355 879
4897 880
2946 880
2212 880
3720 880
5320 880
777 880
2185 880
3023 880
3503 880
4848 880
4273 880
2514 880
4403 880
3509 880
4789 880
2425 880
2873 880
3355 880
1052 880
774 881
770 882
3242 882
1886 882
2415 882
5729 883
3285 883
2858 883
1790 883
2366 883
767 883
766 884
1535 884
4512 885
4290 885
5299 885
3733 885
3735 885
1336 885
3353 885
2715 885
3835 885
764 885
2636 885
762 886
760 887
757 888
756 889
754 890
753 891
5425 891
821 891
1367 891
4615 891
2921 891
4809 891
1996 891
1375 891
751 892
2753 893
4996 893
4765 893
750 893
2609 894
3556 894
4135 894
745 894
3581 894
833 895
744 895
3744 896
4531 896
742 896
3280 897
3616 897
739 897
2820 897
3382 897
4855 897
5130 897
5068 897
1245 897
1615 897
736 898
3557 899
2361 899
4137 899
731 899
4556 899
2174 899
4254 899
727 900
723 901
722 902
1560 902
1564 902
2963 903
4980 903
1445 903
3478 903
719 903
2463 903
4208 904
2689 904
2850 904
883 904
2355 904
2228 904
2853 904
1671 904
1547 904
1643 904
717 904
712 905
708 906
703 907
701 908
2102 909
699 909
2082 910
1431 910
698 910
697 911
691 912
1952 913
689 913
913 913
4804 913
1317 913
3221 913
1914 913
4106 913
688 914
5703 915
686 915
1793 916
1123 916
5349 916
1766 916
3847 916
684 916
976 916
4082 916
1619 916
5620 916
4918 916
730 916
2074 916
987 916
2140 916
3775 916
5042 917
4308 917
4104 917
681 917
677 918
675 919
5589 919
2657 920
674 920
2086 920
1191 920
1979 920
1183 920
673 921
4100 921
5142 921
1815 921
1695 921
2719 921
672 922
3042 922
1607 922
2807 922
3671 922
3912 922
3466 922
1691 922
3499 922
5728 923
1403 923
797 923
670 923
3026 924
661 924
2279 924
3143 924
872 924
3868 924
3948 924
4623 924
659 925
658 926
4450 927
3034 927
655 927
651 928
648 929
643 930
2484 930
642 931
1737 931
3579 931
640 932
4704 933
1633 933
1282 933
1291 933
4333 933
1807 933
1523 933
4404 933
1813 933
4790 933
5527 933
4408 933
3452 933
639 933
2358 934
634 934
3066 934
1268 935
3672 935
633 935
3453 935
624 936
2803 936
773 936
649 936
4825 936
1131 936
1628 936
878 936
5134 936
5394 937
2152 937
618 937
617 938
1856 939
4481 939
4739 939
5059 939
4934 939
1800 939
2635 939
2638 939
3729 939
5009 939
2642 939
4563 939
1044 939
3796 939
2136 939
2392 939
2649 939
4826 939
4509 939
615 939
4586 939
5226 939
2994 939
1204 939
5621 939
4535 939
3129 939
1851 939
3261 939
613 940
3462 940
611 941
931 941
2563 941
1700 941
5126 941
4328 941
4233 941
4489 941
4236 941
1709 941
2285 941
1624 941
665 941
5532 941
5502 941
609 942
5297 942
1042 942
1702 942
2302 942
775 943
607 943
3443 944
3318 944
600 944
2473 944
4588 944
593 945
1556 945
1964 945
592 946
1698 946
3253 946
3025 947
4962 947
3125 947
3127 947
3289 947
906 947
2122 947
2396 947
4685 947
4686 947
591 947
2080 948
3849 948
588 948
1632 949
804 949
4964 949
2215 949
3879 949
584 949
1640 949
5096 949
747 949
4687 949
2641 949
4433 949
4084 949
4021 949
2486 949
4086 949
5270 949
5367 949
3288 949
4569 949
4665 949
1498 949
2942 949
583 950
3656 950
5745 951
579 951
3332 951
5384 951
576 952
4513 952
2345 952
1037 952
5357 952
5070 952
5583 952
5072 952
5360 952
3121 952
1779 952
2995 952
2901 952
3255 952
4599 952
1370 952
1725 952
2493 952
2941 952
4126 952
4830 952
2656 953
1357 953
3374 953
575 953
5168 954
5074 954
4452 954
587 954
573 954
1090 955
1570 955
5220 955
5670 955
1081 955
667 955
572 955
4688 956
4694 956
571 956
2534 957
568 957
2121 958
3338 958
5260 958
4306 958
5268 958
4888 958
5272 958
1497 958
1182 958
1503 958
4767 958
868 958
3044 958
2217 958
3498 958
4077 958
2542 958
5167 958
564 958
2933 958
630 958
2999 958
4215 958
5050 958
2363 958
5309 958
2046 958
4641 959
2856 959
1740 959
2862 959
5327 959
563 959
2038 959
2422 959
3480 959
1753 959
3610 959
5403 959
3038 959
3652 960
999 960
1305 960
559 960
1039 960
554 961
3979 961
4833 962
1509 962
3431 962
552 962
586 962
3626 962
3691 962
1262 962
1522 962
2835 962
1876 962
2388 962
2005 962
2775 962
4377 962
1882 962
551 963
660 964
550 964
549 965
548 966
5079 966
2777 966
4681 966
546 967
2823 967
545 968
544 969
1475 970
3891 970
2693 970
3893 970
2294 970
4508 970
543 970
2879 970
4751 970
4545 971
2499 971
3845 971
4620 971
4684 971
2384 971
4817 971
3474 971
2387 971
3475 971
4179 971
4500 971
982 971
5463 971
3352 971
5082 971
604 971
542 971
3746 971
3622 971
2216 971
4840 971
4715 971
1644 971
636 971
2814 971
1046 972
541 972
539 973
1275 973
3361 974
5028 974
646 974
2791 974
4071 974
2857 974
4778 974
4171 974
3180 974
4464 974
537 974
2397 974
671 974
5023 974
536 975
4415 975
531 976
1092 976
814 976
3455 976
530 977
3222 977
525 978
737 979
523 979
5734 980
522 980
1236 981
517 981
938 981
1243 981
898 982
5058 982
3299 982
516 982
3301 982
4773 982
5413 982
3238 982
5446 982
1421 982
3437 982
1070 982
1134 982
4722 982
4914 982
1140 982
5461 982
1400 982
601 982
5054 982
512 983
4471 983
2764 983
2455 984
510 984
3905 985
4033 985
5313 985
3843 985
1733 985
3399 985
1736 985
3401 985
3915 985
2572 985
2317 985
2893 985
3469 985
1358 985
1553 985
3092 985
726 985
856 985
2846 985
3680 985
2468 985
5668 985
2278 985
2470 985
3686 985
2023 985
680 985
4265 985
4969 985
2283 985
2028 985
2223 985
5680 985
1844 985
1143 985
1915 985
508 985
1212 985
1532 985
3516 985
1149 985
5631 985
507 986
4816 987
5489 987
1417 987
506 987
4656 988
850 988
3298 988
2740 988
3621 988
3942 988
503 988
2553 988
3993 988
3162 988
4506 988
3755 988
3922 989
502 989
3766 989
3566 989
927 989
1312 990
2528 990
5504 990
497 990
3607 990
2682 990
2874 990
2525 990
3309 990
4799 990
4544 991
3393 991
4065 991
495 991
494 992
5399 993
493 993
3325 993
2593 994
4341 994
614 994
5194 994
492 994
1697 995
4067 995
1513 995
490 995
1194 995
4330 995
595 995
1304 995
4024 995
1019 995
1468 995
3484 995
2621 995
489 996
1249 997
2241 997
706 997
3267 997
484 997
2061 997
4653 997
5421 997
910 997
2895 997
5551 997
4368 997
1969 997
5329 997
4051 997
1622 997
1758 997
2878 997
5118 997
496 998
481 998
3329 998
2978 998
3031 998
1816 998
4856 998
2985 998
4045 998
5486 998
2842 999
479 999
478 1000
947 1001
5526 1001
4026 1001
477 1001
1965 1001
943 1001
5417 1002
475 1002
5741 1002
1569 1003
2962 1003
3683 1003
5464 1003
474 1003
4971 1003
844 1003
1216 1004
2723 1004
471 1004
1210 1004
5057 1005
5106 1005
468 1005
1686 1005
1718 1005
3163 1005
1566 1005
465 1006
975 1006
1589 1007
462 1007
2464 1008
5110 1008
3783 1008
461 1008
3695 1008
5472 1009
4097 1009
1059 1009
678 1009
3334 1009
1065 1009
458 1009
2027 1009
4444 1009
734 1009
3166 1009
4783 1009
455 1010
1000 1010
2329 1010
3277 1010
464 1011
2148 1011
453 1011
2119 1011
2683 1011
2686 1011
4719 1011
451 1012
740 1012
759 1012
2695 1012
5533 1012
447 1013
1168 1014
4496 1014
1495 1014
3708 1014
445 1014
3341 1014
1118 1014
3711 1014
5311 1014
4000 1015
2706 1015
443 1015
3099 1015
5245 1015
758 1016
439 1016
434 1017
4007 1017
5056 1018
433 1018
1539 1018
3140 1018
824 1018
5053 1018
4094 1018
432 1019
2305 1019
2708 1019
5300 1019
5175 1019
2313 1019
3161 1019
4300 1019
5197 1019
1103 1019
4192 1020
625 1020
1682 1020
4796 1020
431 1020
429 1021
449 1022
3061 1022
1558 1022
4502 1022
2103 1022
4696 1022
426 1022
2780 1022
3340 1022
4908 1022
425 1023
4884 1024
424 1024
4490 1024
423 1025
2700 1025
513 1026
422 1026
5664 1027
420 1027
3429 1027
4646 1027
3659 1027
3790 1027
2322 1027
852 1027
1045 1027
3062 1027
3447 1027
1209 1027
1053 1027
419 1028
3990 1028
2652 1028
5117 1028
415 1029
2011 1030
413 1030
2559 1030
3890 1031
2292 1031
5497 1031
411 1031
2389 1032
5415 1032
409 1032
620 1032
5677 1032
2881 1033
2101 1033
406 1033
2520 1033
4413 1033
405 1034
606 1034
2975 1034
401 1035
4994 1035
4534 1035
2851 1036
4805 1036
2854 1036
2950 1036
1450 1036
5708 1036
3182 1036
400 1036
1968 1036
5712 1036
1780 1036
2645 1036
4149 1036
666 1036
5085 1036
4866 1037
5154 1037
3046 1037
3174 1037
399 1037
2255 1037
2928 1037
4756 1037
4277 1037
5686 1037
3384 1037
2490 1037
5372 1037
1533 1037
2685 1037
4093 1037
3651 1038
3747 1038
4147 1038
5251 1038
3620 1038
3655 1038
3832 1038
5227 1038
397 1038
589 1038
396 1039
3724 1039
4188 1039
2013 1039
4189 1039
2446 1039
4903 1040
1464 1040
3081 1040
394 1040
957 1040
2627 1041
2772 1041
393 1041
2505 1041
391 1042
3824 1043
387 1043
2220 1043
1373 1043
3903 1043
386 1044
385 1045
2454 1045
4387 1046
382 1046
384 1047
2054 1047
1479 1047
392 1047
2059 1047
2254 1047
1296 1047
1301 1047
4440 1047
538 1047
1888 1047
3360 1047
738 1047
2914 1047
5346 1047
3175 1047
4263 1047
683 1047
3371 1047
3567 1047
2480 1047
2548 1047
1142 1047
3639 1047
3640 1047
381 1047
2804 1048
790 1048
1270 1048
2359 1048
377 1048
1997 1048
4975 1048
2161 1049
4225 1049
1043 1049
5429 1049
374 1049
1933 1049
4477 1049
373 1050
1121 1051
3842 1051
2116 1051
2181 1051
2917 1051
2824 1051
2442 1051
2253 1051
3789 1051
498 1051
5682 1051
372 1051
1845 1051
2998 1051
3896 1051
3801 1051
4633 1051
603 1051
5375 1051
371 1052
1962 1052
860 1052
370 1053
5347 1053
2320 1054
369 1054
3105 1054
1571 1054
3187 1054
3158 1054
4935 1054
1866 1054
3549 1054
4607 1054
5695 1054
368 1055
2113 1056
4673 1056
5316 1056
526 1056
1998 1056
2000 1056
2130 1056
1366 1056
473 1056
2458 1056
668 1056
2782 1056
4447 1056
1762 1056
4386 1056
5090 1056
676 1056
2916 1056
3428 1056
5095 1056
746 1056
4907 1056
366 1056
5552 1056
4338 1056
5558 1056
951 1056
5561 1056
1341 1056
365 1057
2400 1058
5490 1058
5748 1058
2789 1058
3141 1058
3528 1058
364 1058
2785 1059
1190 1059
363 1059
5120 1060
3032 1060
361 1060
1936 1061
2050 1061
819 1061
359 1061
355 1062
3156 1062
2549 1062
966 1062
4616 1062
972 1062
354 1063
4503 1063
352 1064
1552 1064
1634 1065
2867 1065
4965 1065
351 1065
3808 1066
897 1066
5314 1066
4931 1066
5701 1066
1609 1066
714 1066
2410 1066
3851 1066
2860 1066
1395 1066
692 1066
3669 1066
5493 1066
344 1066
2712 1066
1306 1066
3263 1066
3487 1066
342 1067
704 1068
340 1068
339 1069
3369 1069
3372 1069
3918 1069
4111 1069
1440 1070
2784 1070
2818 1070
707 1070
2819 1070
2980 1070
1677 1070
4334 1070
4399 1070
338 1070
4626 1070
1655 1070
2808 1070
4089 1070
5401 1070
1562 1070
3738 1070
3132 1070
3517 1070
4606 1070
1343 1070
337 1071
2882 1071
1596 1071
4609 1072
1218 1072
4867 1072
4231 1072
4423 1072
4360 1072
4046 1072
335 1072
3087 1072
4304 1072
533 1072
5333 1072
5590 1072
1559 1072
1887 1072
483 1072
4003 1072
5603 1072
4004 1072
1895 1072
2663 1072
3624 1072
4008 1072
5160 1072
1386 1072
1834 1072
491 1072
5036 1072
1005 1072
1453 1072
1841 1072
5553 1072
1018 1072
5114 1072
3963 1072
5115 1072
5179 1072
4605 1072
3134 1072
4095 1072
333 1073
4947 1074
331 1074
3807 1074
1600 1075
5473 1075
5733 1075
454 1075
5191 1075
1320 1075
5704 1075
329 1075
3177 1075
4457 1075
1325 1075
4080 1075
4083 1075
596 1075
1591 1075
4439 1075
574 1075
608 1076
1220 1076
4388 1076
5284 1076
485 1076
4517 1076
390 1076
2598 1076
327 1076
488 1076
1608 1076
1768 1076
2729 1076
5129 1076
2732 1076
909 1076
1165 1076
3602 1076
3894 1076
1435 1076
3805 1076
3839 1076
5185 1077
2674 1077
5698 1077
326 1077
4839 1077
1577 1077
3561 1077
5337 1077
4074 1077
2379 1077
4539 1077
4480 1078
3649 1078
1410 1078
323 1078
4163 1078
4419 1078
4611 1078
2500 1078
3268 1078
3270 1078
4102 1078
1416 1078
4105 1078
5387 1078
524 1078
1804 1078
2637 1078
3345 1078
978 1078
1554 1078
4307 1078
4883 1078
597 1078
4886 1078
5207 1078
5208 1078
5528 1078
5529 1078
4829 1078
1567 1078
5087 1078
3234 1078
5091 1078
1382 1078
616 1078
682 1078
4394 1078
4458 1078
5356 1078
4596 1078
4788 1078
2680 1078
3001 1078
826 1078
2427 1078
784 1079
322 1079
2546 1079
3028 1079
1824 1080
4640 1080
2849 1080
1858 1080
2051 1080
389 1080
779 1080
1711 1080
5487 1080
2067 1080
3636 1080
1141 1080
3254 1080
1976 1080
5144 1080
4442 1080
3387 1080
444 1080
924 1080
1853 1080
3165 1080
4798 1080
319 1080
2847 1080
318 1081
1873 1082
4268 1082
317 1082
3593 1083
1802 1083
2314 1083
5644 1083
3094 1083
3096 1083
4632 1083
1307 1083
2587 1083
4636 1083
4894 1083
3362 1083
1829 1083
806 1083
3367 1083
5162 1083
4141 1083
5165 1083
3378 1083
2869 1083
4154 1083
1339 1083
4411 1083
316 1083
831 1083
5189 1083
4169 1083
843 1083
2891 1083
3155 1083
4948 1083
2139 1083
4955 1083
350 1083
4958 1083
4963 1083
1383 1083
5736 1083
2155 1083
2668 1083
2157 1083
4717 1083
5742 1083
2672 1083
3440 1083
4720 1083
5488 1083
2932 1083
886 1083
1657 1083
2937 1083
378 1083
4986 1083
4735 1083
2944 1083
4992 1083
5505 1083
902 1083
903 1083
3207 1083
904 1083
905 1083
2697 1083
2954 1083
5006 1083
404 1083
5014 1083
1434 1083
5018 1083
2204 1083
4769 1083
4515 1083
3236 1083
4516 1083
5029 1083
5032 1083
5548 1083
3250 1083
2227 1083
3507 1083
5556 1083
2236 1083
4284 1083
3518 1083
2240 1083
452 1083
1223 1083
3784 1083
1483 1083
3798 1083
2007 1083
2263 1083
741 1083
2022 1083
2282 1083
5355 1083
761 1083
2303 1083
315 1084
311 1085
800 1086
5604 1086
934 1086
3206 1086
2919 1086
3209 1086
3308 1086
1101 1086
1008 1086
3217 1086
3219 1086
308 1086
3863 1086
792 1086
3226 1086
5279 1086
307 1087
2996 1087
4116 1087
4406 1087
4029 1087
3375 1087
305 1088
3666 1088
2771 1088
4819 1088
5331 1088
5369 1088
2523 1088
4635 1088
4380 1088
5597 1088
3470 1088
2335 1088
3969 1089
5186 1089
1795 1089
4612 1089
5060 1089
1159 1089
4040 1089
5066 1089
5451 1089
5324 1089
4877 1089
5709 1089
4878 1089
3536 1089
1555 1089
724 1089
5525 1089
2774 1089
5718 1089
2711 1089
5656 1089
5658 1089
2908 1089
4703 1089
1568 1089
2912 1089
1572 1089
5543 1089
1128 1089
1385 1089
5609 1089
5611 1089
1581 1089
879 1089
304 1089
946 1089
2805 1089
5685 1089
566 1089
3897 1089
2938 1089
1467 1089
5052 1089
1378 1090
1384 1090
303 1090
421 1091
1755 1091
428 1091
1613 1091
302 1091
300 1092
5408 1093
3074 1093
4644 1093
5540 1093
5732 1093
457 1093
299 1093
1646 1093
1999 1093
5522 1093
2707 1093
472 1093
1148 1093
2718 1093
3550 1093
5662 1093
1057 1094
1265 1094
2516 1094
2806 1094
4712 1094
298 1094
1850 1094
336 1095
4869 1095
297 1095
842 1095
2830 1095
1584 1096
2068 1096
295 1096
3911 1096
4151 1096
4974 1096
2178 1097
3139 1097
4297 1097
4555 1097
3148 1097
3980 1097
5004 1097
653 1097
3149 1097
5389 1097
3151 1097
720 1097
3089 1097
5332 1097
917 1097
1173 1097
1563 1097
3164 1097
1313 1097
3811 1097
2084 1097
5093 1097
294 1097
2343 1097
1323 1097
1707 1097
4075 1097
3821 1097
1521 1097
1267 1097
3123 1097
3379 1097
1782 1097
2935 1097
3385 1097
3258 1097
4474 1097
5690 1097
4859 1097
3389 1097
1727 1097
3135 1097
994 1098
3554 1098
292 1098
4493 1098
367 1098
3311 1098
914 1098
1111 1098
5431 1098
728 1098
635 1098
1724 1098
3551 1098
291 1099
4876 1099
290 1100
1429 1100
288 1101
2064 1101
1011 1101
1653 1101
729 1101
971 1101
1051 1101
2348 1101
622 1101
5248 1102
4676 1102
4933 1102
838 1102
4359 1102
4682 1102
2123 1102
3150 1102
1617 1102
2961 1102
4946 1102
983 1102
283 1102
3997 1102
990 1102
4514 1102
2214 1102
936 1102
2472 1102
3688 1102
3690 1102
2543 1102
3760 1102
4913 1102
1908 1102
3068 1102
3006 1102
581 1103
4165 1103
5445 1103
487 1103
4427 1103
3184 1103
4784 1103
1809 1103
4786 1103
1811 1103
282 1103
4478 1103
4479 1103
281 1104
1610 1104
4234 1104
280 1105
3216 1106
2001 1106
5633 1106
277 1106
3573 1106
5159 1106
1960 1106
2409 1106
4873 1106
2411 1106
3051 1106
700 1106
275 1107
2900 1107
2567 1107
2376 1107
1598 1107
3534 1107
3726 1107
5136 1108
274 1108
2354 1108
1192 1108
1290 1108
1818 1108
3114 1108
1150 1108
1823 1108
273 1109
3907 1109
1014 1109
638 1109
654 1109
272 1110
4103 1110
3938 1111
1177 1111
271 1111
269 1112
977 1113
5585 1113
469 1113
662 1113
696 1113
267 1113
715 1113
3838 1113
4926 1113
266 1114
265 1115
557 1115
264 1116
262 1117
967 1117
1120 1118
5184 1118
1250 1118
3010 1118
259 1118
3203 1118
5187 1118
3780 1118
1993 1118
1422 1118
1839 1118
4081 1118
786 1118
3316 1118
3995 1118
412 1118
3902 1118
4511 1118
257 1119
2197 1119
1481 1119
3116 1119
4972 1119
1390 1119
881 1120
3090 1120
1444 1120
2790 1120
3496 1120
2009 1120
255 1120
2495 1120
2594 1121
3446 1121
5659 1121
254 1121
3999 1121
752 1122
3370 1122
252 1122
5506 1123
250 1123
932 1124
2229 1124
5255 1124
248 1124
3018 1124
2828 1124
247 1125
2052 1126
2630 1126
5510 1126
1097 1126
2826 1126
3978 1126
4938 1126
1102 1126
5518 1126
4240 1126
5649 1126
980 1126
1447 1126
1066 1126
4846 1126
4847 1126
4849 1126
1458 1126
2483 1126
5683 1126
4853 1126
246 1126
4920 1126
3193 1126
1082 1126
3194 1126
3198 1126
245 1127
2357 1127
598 1127
4730 1127
1934 1127
287 1127
5089 1128
882 1128
244 1128
1302 1128
1878 1128
1067 1128
3582 1128
1441 1129
5122 1129
2792 1129
652 1129
3660 1129
3181 1129
3183 1129
3407 1129
657 1129
1745 1129
242 1129
2482 1129
755 1129
1747 1129
3637 1129
1174 1129
631 1129
3642 1129
2047 1129
241 1130
721 1130
4561 1130
1235 1130
3555 1130
2665 1130
5257 1130
1132 1130
2172 1130
1838 1130
4718 1130
863 1130
240 1131
1297 1131
5291 1131
1788 1131
5613 1131
5295 1131
1083 1132
239 1132
238 1133
236 1134
235 1135
776 1136
233 1136
848 1137
2721 1137
4902 1137
231 1137
1512 1137
687 1137
230 1138
2071 1138
3752 1138
251 1138
1931 1138
229 1139
228 1140
227 1141
3159 1141
5232 1142
226 1142
915 1142
1734 1142
5687 1142
2538 1142
5322 1142
5419 1142
225 1143
4455 1143
2408 1143
4860 1144
223 1144
562 1145
2728 1145
876 1145
4205 1145
222 1145
1919 1145
4416 1146
5392 1146
1032 1146
3931 1146
221 1146
3741 1146
1038 1146
3742 1146
3795 1147
952 1147
220 1147
456 1148
218 1148
234 1148
217 1149
4260 1150
214 1150
4218 1150
864 1151
1699 1151
213 1151
663 1151
3388 1151
1485 1151
3310 1151
2783 1151
3218 1152
4754 1152
212 1152
871 1152
874 1152
1170 1153
4658 1153
211 1153
1176 1153
4281 1153
1868 1153
210 1154
209 1155
1921 1155
2529 1155
981 1155
2918 1155
4679 1155
2555 1155
2797 1155
3423 1155
3967 1155
205 1156
3200 1157
2180 1157
1145 1157
4170 1157
204 1157
5679 1157
2896 1158
1689 1158
203 1158
1280 1159
417 1159
2561 1159
418 1159
3266 1159
201 1159
3179 1159
3950 1159
2703 1159
2032 1159
4593 1159
887 1159
1656 1159
3005 1159
3167 1159
1009 1160
4898 1160
1940 1160
3109 1160
200 1160
4122 1160
3533 1160
5277 1160
198 1161
3648 1162
1732 1162
197 1162
4181 1162
2393 1162
3644 1162
5244 1162
398 1162
783 1162
196 1163
5229 1163
5584 1164
193 1164
3779 1164
5454 1164
192 1165
1041 1165
2855 1165
4285 1165
5485 1165
1349 1166
191 1166
1129 1167
190 1167
3809 1168
4929 1168
4807 1168
5163 1168
332 1168
4463 1168
2451 1168
628 1168
3510 1168
2551 1168
5655 1168
312 1168
1048 1168
2875 1168
188 1168
3196 1168
2334 1168
187 1169
186 1170
1819 1170
1228 1170
4911 1170
184 1171
1650 1172
182 1172
1259 1172
4316 1172
801 1173
3265 1173
4289 1173
4162 1173
4546 1173
3108 1173
5380 1173
5509 1173
3271 1173
4743 1173
5063 1173
2925 1173
5710 1173
4018 1173
180 1173
5140 1173
1047 1173
3513 1173
5209 1173
4987 1173
2910 1173
179 1174
3756 1174
4239 1174
2465 1175
3297 1175
178 1175
4787 1175
3349 1175
3797 1175
1334 1175
3799 1175
4874 1175
3675 1175
2270 1175
177 1176
4209 1176
4337 1176
2676 1176
5019 1176
1772 1176
176 1177
854 1177
4421 1178
3753 1178
1869 1178
174 1178
1073 1178
1105 1178
501 1178
3157 1178
4310 1178
4950 1178
3768 1178
1023 1178
2143 1178
3647 1178
2848 1179
5619 1179
5432 1179
442 1179
3932 1179
173 1179
167 1180
383 1180
166 1181
2288 1182
1825 1182
2977 1182
4771 1182
5027 1182
165 1182
1094 1182
3201 1183
4930 1183
163 1183
1541 1183
3045 1183
3339 1183
5230 1183
3312 1183
594 1183
1237 1183
1462 1183
4951 1183
1787 1183
5501 1183
1791 1183
160 1184
3077 1184
2976 1185
3330 1185
1459 1185
168 1185
159 1185
5216 1186
4130 1186
515 1186
5731 1186
4677 1186
232 1186
4488 1186
558 1186
1806 1186
3086 1186
1460 1186
693 1186
2293 1186
3351 1186
158 1186
5214 1186
321 1187
1670 1187
3559 1187
5128 1187
5449 1187
3852 1187
5388 1187
1678 1187
181 1187
1077 1187
1238 1187
4598 1187
1527 1187
3833 1187
4250 1187
156 1187
5373 1187
4446 1187
4422 1188
1991 1188
521 1188
1033 1188
1164 1188
4302 1188
5266 1188
3029 1188
791 1188
2456 1188
3608 1188
2969 1188
155 1188
3483 1188
3740 1188
3485 1188
4381 1188
5725 1188
4190 1188
5598 1188
4191 1188
5151 1188
5471 1188
5599 1188
5474 1188
4835 1188
5411 1188
1189 1188
2986 1188
1388 1188
4844 1188
5293 1188
2801 1188
5554 1188
694 1188
183 1188
2489 1188
3449 1188
3451 1188
3836 1188
2045 1188
4287 1188
1472 1189
3397 1189
3400 1189
154 1189
4378 1189
2909 1189
1822 1189
4383 1189
4577 1190
1347 1190
4973 1190
942 1190
175 1190
3411 1190
5043 1190
3413 1190
152 1190
5048 1190
602 1190
1277 1190
5566 1190
1761 1191
194 1191
2213 1191
4037 1191
1126 1191
4905 1191
2219 1191
4750 1191
3664 1191
5424 1191
785 1191
499 1191
5716 1191
2838 1191
151 1191
504 1191
1272 1191
2776 1191
2840 1191
3256 1191
380 1191
1757 1191
5535 1191
150 1192
2432 1193
2244 1193
2564 1193
2053 1193
2565 1193
4808 1193
2441 1193
3020 1193
3788 1193
3213 1193
2767 1193
2449 1193
149 1193
4949 1193
4375 1193
5400 1193
3356 1193
1501 1193
2781 1193
5278 1193
610 1193
5283 1193
2020 1193
5286 1193
5542 1193
2407 1193
4519 1193
5290 1193
2667 1193
2795 1193
3118 1193
2930 1193
3826 1193
2164 1193
375 1193
4728 1193
569 1193
1273 1193
2746 1193
1276 1193
253 1193
2749 1193
2418 1194
148 1194
961 1195
2722 1195
5746 1195
147 1195
2340 1195
3126 1195
263 1195
713 1195
301 1195
1489 1196
146 1196
5523 1196
5559 1196
4057 1196
1885 1196
3919 1196
1668 1197
460 1197
2124 1197
270 1197
3854 1197
144 1197
2128 1197
5587 1197
5398 1197
1496 1197
2968 1197
3865 1197
2714 1197
1883 1197
2531 1197
2342 1197
5739 1197
1006 1197
1136 1197
2871 1197
4919 1197
505 1197
1530 1197
4731 1197
1982 1197
1504 1198
3523 1198
5477 1198
3815 1198
1130 1198
427 1198
143 1198
4335 1198
4210 1198
5011 1198
5012 1198
437 1198
4373 1198
4247 1198
4759 1198
4313 1198
4317 1198
2494 1198
5503 1198
4288 1199
1345 1199
4418 1199
4484 1199
5444 1199
5636 1199
965 1199
2949 1199
1798 1199
5642 1199
142 1199
5263 1199
5137 1199
5265 1199
4693 1199
4119 1199
5271 1199
4889 1199
1242 1199
5147 1199
5020 1199
4510 1199
4638 1199
5150 1199
2336 1199
4128 1199
5025 1199
3172 1199
1639 1199
748 1199
1580 1199
2734 1199
2863 1199
1974 1199
958 1199
895 1199
4671 1199
2018 1200
2114 1200
4483 1200
169 1200
3337 1200
141 1200
2350 1200
1135 1200
3186 1200
5362 1200
664 1200
4376 1200
3643 1200
2237 1200
140 1201
5376 1202
1924 1202
4356 1202
2757 1202
4806 1202
711 1202
3335 1202
2250 1202
139 1202
1675 1202
2315 1202
1612 1202
2126 1202
1744 1202
529 1202
1746 1202
916 1202
4629 1202
5143 1202
920 1202
3800 1202
1881 1202
4121 1202
4185 1202
4187 1202
4124 1202
2207 1202
2659 1202
3685 1202
3878 1202
2281 1202
362 1202
4910 1202
944 1202
2608 1202
3569 1202
435 1202
629 1202
3829 1202
2107 1202
4732 1202
509 1202
3837 1202
5181 1202
2687 1202
1937 1203
4706 1203
138 1203
5569 1204
4389 1204
5512 1204
137 1204
3115 1204
4395 1204
1774 1204
3246 1204
1167 1204
2671 1204
3120 1204
2196 1204
5684 1204
286 1204
5215 1204
1605 1205
136 1205
135 1206
1288 1206
862 1206
134 1207
2243 1208
388 1208
2756 1208
133 1208
709 1208
2245 1208
4741 1208
5383 1208
4172 1208
1679 1208
2576 1208
2964 1208
4501 1208
2390 1208
215 1208
407 1208
2967 1208
4637 1208
3365 1208
4581 1208
2727 1208
3623 1208
3176 1208
4842 1208
2989 1208
4269 1208
4654 1208
2738 1208
3575 1208
3961 1208
4794 1208
2556 1208
4412 1208
4540 1208
1405 1208
4863 1208
899 1209
132 1209
582 1209
5064 1209
330 1209
3055 1209
4079 1209
2353 1209
3154 1209
3442 1209
2003 1209
341 1209
4152 1209
3065 1209
131 1210
2631 1210
716 1210
3841 1211
772 1211
5127 1211
520 1211
3848 1211
4622 1211
528 1211
4880 1211
4371 1211
532 1211
5141 1211
4118 1211
3609 1211
3611 1211
2077 1211
2333 1211
3101 1211
4642 1211
5666 1211
1315 1211
3363 1211
4650 1211
555 1211
4139 1211
1836 1211
815 1211
4655 1211
1329 1211
4657 1211
818 1211
5170 1211
4148 1211
2108 1211
5180 1211
2110 1211
5697 1211
1603 1211
1859 1211
1861 1211
328 1211
2633 1211
2890 1211
3403 1211
1871 1211
5202 1211
5203 1211
343 1211
2904 1211
2905 1211
2142 1211
2911 1211
4448 1211
1635 1211
3171 1211
5219 1211
3684 1211
2151 1211
5740 1211
1907 1211
3957 1211
4983 1211
5240 1211
1913 1211
4476 1211
1662 1211
4734 1211
4736 1211
129 1211
2433 1211
1667 1211
645 1211
4237 1211
2958 1211
656 1211
3472 1211
4244 1211
919 1211
1946 1211
4763 1211
414 1211
1696 1211
171 1211
172 1211
4781 1211
1710 1211
1199 1211
3247 1211
3759 1211
2737 1211
4529 1211
3506 1211
3251 1211
436 1211
3252 1211
3511 1211
1978 1211
189 1211
4035 1211
4547 1211
3015 1211
3272 1211
718 1211
463 1211
1748 1211
470 1211
984 1211
735 1211
224 1211
480 1211
5601 1211
1508 1211
4582 1211
2033 1211
2802 1211
500 1211
5628 1211
1789 1211
5630 1211
128 1212
3962 1212
1392 1213
612 1213
438 1213
296 1213
1770 1213
2859 1213
1597 1213
127 1213
1151 1213
3840 1214
5713 1214
482 1214
3380 1214
3940 1214
5076 1214
1865 1214
1034 1214
5564 1214
125 1214
1246 1214
3438 1214
123 1215
358 1216
119 1216
953 1216
954 1216
970 1216
459 1216
2754 1217
1988 1217
2308 1217
4550 1217
1287 1217
1929 1217
5193 1217
1674 1217
5071 1217
1680 1217
3408 1217
4176 1217
4757 1217
1820 1217
2588 1217
5149 1217
865 1217
3494 1217
2535 1217
118 1217
1526 1217
5046 1217
3895 1217
3131 1217
4603 1217
3580 1217
5436 1217
4222 1217
2751 1217
3073 1218
3075 1218
117 1218
3813 1218
5433 1218
202 1218
4590 1218
115 1219
357 1219
114 1220
113 1221
1482 1221
112 1222
2744 1222
111 1223
3328 1224
1442 1224
2502 1224
3111 1224
3432 1224
5544 1224
5097 1224
2508 1224
4492 1224
1773 1224
4813 1224
110 1224
4495 1224
3185 1224
5169 1224
5233 1224
5618 1224
5235 1224
4212 1224
5078 1224
5562 1224
1179 1224
446 1224
4995 1225
346 1225
556 1225
109 1225
1837 1225
644 1226
3477 1226
106 1226
124 1226
105 1227
2983 1228
104 1228
103 1229
100 1230
4274 1231
99 1231
4836 1231
293 1231
535 1231
416 1232
98 1232
3972 1232
2206 1232
5694 1232
2625 1233
1283 1233
4228 1233
5572 1233
2437 1233
1928 1233
3336 1233
4744 1233
3082 1233
3786 1233
2894 1233
3792 1233
3667 1233
1110 1233
4120 1233
4760 1233
1117 1233
2527 1233
96 1233
3364 1233
3687 1233
1260 1233
3445 1233
249 1233
1917 1233
2367 1233
768 1234
1419 1234
1900 1234
2316 1234
237 1234
5390 1234
95 1234
1279 1234
1583 1234
94 1235
162 1236
4530 1236
4758 1236
3767 1236
5706 1236
4108 1236
93 1236
3279 1236
4196 1237
4628 1237
92 1237
5285 1238
5288 1238
3178 1238
4177 1238
4178 1238
1331 1238
5396 1238
2134 1238
2326 1238
567 1238
2135 1238
4280 1238
4921 1238
4922 1238
91 1238
3067 1238
1599 1238
5634 1239
90 1239
2768 1240
88 1240
4988 1240
161 1241
2100 1241
2324 1241
87 1241
2201 1241
4361 1241
5545 1241
3662 1241
85 1242
3877 1242
1415 1242
5416 1242
4865 1243
402 1243
84 1243
5221 1243
3606 1243
2552 1243
4952 1243
83 1244
3989 1244
1368 1244
1322 1244
2289 1245
82 1245
101 1245
3146 1245
4090 1245
527 1245
5055 1245
641 1246
1666 1246
519 1246
1543 1246
2951 1246
1160 1246
395 1246
1551 1246
2321 1246
1427 1246
4117 1246
1942 1246
4251 1246
2973 1246
1950 1246
2462 1246
2590 1246
5158 1246
2736 1246
4912 1246
561 1246
3889 1246
2741 1246
4537 1246
570 1246
3259 1246
702 1246
448 1246
2496 1246
2498 1246
580 1246
2884 1246
3909 1246
5062 1246
5190 1246
839 1246
4296 1246
5069 1246
590 1246
81 1246
725 1246
4309 1246
599 1246
4183 1246
2786 1246
2404 1246
2405 1246
4454 1246
5737 1246
107 1246
2796 1246
5612 1246
2798 1246
4078 1246
1519 1246
2799 1246
3951 1246
3825 1246
3953 1246
2675 1246
5491 1246
5747 1246
3189 1246
3958 1246
1528 1246
2296 1246
2298 1246
4346 1246
5370 1246
1660 1246
2940 1246
637 1246
2301 1246
3454 1246
5374 1246
1200 1247
4672 1247
2513 1247
5700 1247
2070 1247
5094 1247
2423 1247
5450 1247
5100 1247
79 1247
1071 1247
3525 1248
4776 1248
2154 1248
2794 1248
3211 1248
3531 1248
2125 1248
78 1248
3537 1248
2034 1248
1172 1248
3541 1248
2006 1248
3544 1248
1402 1248
4828 1248
3933 1248
3923 1249
5574 1249
77 1249
76 1250
2416 1251
1842 1251
3220 1251
3460 1251
4006 1251
4087 1251
345 1251
969 1251
75 1251
2603 1251
285 1251
207 1251
5681 1252
2453 1252
72 1252
1354 1252
3810 1253
2532 1253
4868 1253
71 1253
2760 1253
2762 1253
5420 1253
5005 1253
623 1253
1904 1253
3512 1253
3321 1253
3707 1253
4091 1253
2177 1254
5409 1254
836 1254
70 1254
2183 1254
4327 1254
4520 1254
2186 1254
2924 1254
430 1254
5264 1254
5651 1254
3926 1254
120 1254
1756 1254
2173 1254
3934 1254
5010 1255
4291 1255
68 1255
5236 1255
314 1255
2907 1255
206 1255
67 1256
4740 1256
518 1256
5414 1256
5287 1256
4016 1256
1585 1256
403 1256
4595 1256
3350 1256
4246 1256
4727 1256
185 1256
4762 1256
5723 1256
3232 1257
289 1257
2273 1257
66 1257
1778 1257
1027 1257
1891 1257
3283 1257
4777 1257
3467 1257
1935 1257
65 1258
64 1259
3425 1259
4497 1259
3495 1259
5719 1259
3433 1259
268 1259
3500 1259
749 1259
3421 1259
4494 1259
5470 1259
2662 1260
1099 1260
3357 1260
62 1260
4112 1261
4256 1261
1201 1261
3313 1261
1801 1261
2041 1261
3241 1261
2268 1261
4012 1261
61 1261
157 1261
4014 1261
3107 1262
5123 1262
901 1262
2533 1262
5061 1262
3943 1262
1961 1262
2380 1262
3212 1262
1967 1262
5359 1262
560 1262
3056 1262
1364 1262
4565 1262
534 1262
4567 1262
4344 1262
59 1262
1371 1262
5439 1262
97 1263
1474 1263
3538 1263
164 1263
58 1263
605 1263
1985 1264
3237 1264
2280 1264
2346 1264
4107 1264
5131 1264
2284 1264
813 1264
4814 1264
5358 1264
626 1264
3058 1264
5363 1264
57 1264
861 1264
2943 1264
1394 1265
56 1265
1292 1265
1949 1265
2382 1265
2048 1266
3394 1266
1350 1266
5256 1266
1611 1266
3021 1266
2897 1266
1625 1266
732 1266
349 1266
669 1266
3873 1266
5665 1266
4579 1266
4005 1266
2982 1266
3750 1266
4711 1266
5225 1266
2347 1266
2669 1266
5166 1266
5616 1266
2481 1266
2929 1266
2037 1266
2677 1266
55 1266
2424 1266
3641 1266
4410 1266
1147 1266
3771 1266
1729 1267
54 1267
4262 1267
4713 1267
410 1267
53 1268
3605 1268
2678 1268
4710 1268
4407 1268
4663 1268
5065 1268
765 1268
1456 1269
3858 1269
52 1269
2167 1269
50 1270
4435 1270
49 1271
4129 1271
1938 1271
51 1271
1669 1271
1926 1271
3959 1271
89 1271
3017 1271
4475 1271
1086 1271
3439 1271
48 1272
705 1272
102 1273
619 1273
47 1273
3456 1274
4426 1274
46 1274
912 1275
992 1275
2419 1275
5108 1275
45 1275
4142 1275
3906 1276
5588 1276
4521 1276
5307 1276
44 1276
43 1277
261 1278
3991 1278
2377 1278
42 1278
3886 1278
3697 1279
547 1279
837 1279
41 1279
828 1279
39 1280
985 1280
5354 1280
5422 1280
514 1281
5125 1281
38 1281
4294 1281
37 1282
2566 1282
2607 1282
3823 1282
36 1283
35 1284
5157 1284
679 1284
3306 1284
4970 1284
685 1284
2158 1284
2286 1284
3347 1284
4661 1284
4631 1284
4664 1284
2585 1284
4634 1284
347 1284
4925 1284
34 1285
73 1285
33 1286
5298 1286
310 1286
40 1286
2094 1286
258 1287
4482 1287
771 1287
4742 1287
647 1287
2577 1287
4755 1287
5661 1287
32 1287
5280 1287
4385 1287
5281 1287
1062 1287
553 1287
5547 1287
2476 1287
4396 1287
5549 1287
4400 1287
1971 1287
565 1287
1975 1287
3772 1287
578 1287
4034 1287
195 1287
4036 1287
2501 1287
3269 1287
585 1287
3273 1287
2634 1287
1741 1287
5717 1287
2137 1287
348 1287
4700 1287
1759 1287
4705 1287
5348 1287
743 1287
5352 1287
108 1287
1517 1287
1524 1287
4340 1287
4214 1287
3319 1287
376 1287
121 1287
4345 1287
3322 1287
5627 1287
4221 1287
511 1287
4864 1288
5568 1288
130 1288
450 1288
900 1288
1796 1288
3333 1288
710 1288
5638 1288
199 1288
5640 1288
4553 1288
2510 1288
2063 1288
5073 1288
466 1288
4050 1288
2323 1288
4691 1288
2132 1288
4695 1288
5593 1288
2203 1288
4379 1288
5022 1288
31 1288
5088 1288
1185 1288
3812 1288
5092 1288
5605 1288
486 1288
3366 1288
2344 1288
2602 1288
4011 1288
2604 1288
2349 1288
2612 1288
1590 1288
4726 1288
1720 1288
2234 1288
5626 1288
3899 1288
3391 1288
1687 1289
5353 1289
30 1289
29 1290
973 1290
5406 1290
3619 1291
4295 1291
5351 1291
360 1291
4232 1291
4299 1291
1197 1291
4207 1291
2578 1291
2291 1291
1717 1291
278 1291
3576 1291
4984 1291
5177 1291
794 1291
890 1291
2971 1291
28 1291
3714 1292
5282 1292
2888 1292
2554 1292
27 1292
1947 1292
320 1293
769 1293
4449 1293
2306 1293
4258 1293
4323 1293
2406 1293
2759 1293
2024 1293
3208 1293
2761 1293
208 1293
3888 1293
467 1293
4372 1293
408 1293
5176 1293
26 1293
219 1293
284 1293
540 1293
86 1294
24 1294
1665 1295
4774 1295
1803 1295
2733 1295
4110 1295
5104 1295
2036 1295
5302 1295
23 1295
441 1295
793 1295
5721 1295
3546 1295
1659 1295
4060 1295
5276 1295
22 1296
279 1296
21 1297
69 1298
1096 1298
3976 1298
3977 1298
2541 1298
80 1298
145 1298
5393 1298
690 1298
243 1298
627 1298
20 1298
25 1298
1433 1298
126 1298
19 1299
1104 1300
4096 1300
18 1300
2226 1300
17 1301
4737 1301
5377 1301
2629 1301
2619 1301
5499 1301
4614 1302
4647 1302
1448 1302
650 1302
2156 1302
2956 1302
4652 1302
5452 1302
16 1302
3412 1302
1333 1302
1525 1302
1340 1302
2653 1302
2111 1302
5635 1303
1860 1303
5496 1303
5578 1303
15 1303
2591 1303
892 1304
14 1304
13 1305
4800 1306
2497 1306
3654 1306
2311 1306
5610 1306
1739 1306
12 1306
1389 1306
4301 1306
2766 1306
3024 1306
4339 1306
788 1306
309 1306
4533 1306
5622 1306
440 1306
5625 1306
2426 1306
733 1306
256 1307
5345 1307
2339 1307
5667 1307
324 1307
356 1307
968 1307
10 1307
4554 1307
940 1307
334 1307
1233 1307
306 1307
5138 1307
5139 1307
276 1307
3927 1307
3098 1307
3706 1307
1852 1307
5663 1307
3904 1308
3968 1308
4161 1308
4099 1308
3524 1308
2758 1308
2886 1308
9 1308
1226 1308
2570 1308
2507 1308
2509 1308
1232 1308
2960 1308
4248 1308
2075 1308
3036 1308
4063 1308
5153 1308
4066 1308
3235 1308
3427 1308
5156 1308
5476 1308
3110 1308
809 1308
1193 1308
4841 1308
812 1308
621 1308
4845 1308
3502 1308
2159 1308
1840 1308
4465 1308
1202 1308
1330 1308
1970 1308
2295 1308
1592 1308
4216 1308
825 1308
3770 1308
60 1308
4733 1308
1925 1309
8 1309
7 1310
170 1310
6 1311
1910 1311
2816 1312
3584 1312
5440 1312
4548 1312
5 1312
325 1312
1477 1312
74 1312
5707 1312
2705 1312
1814 1312
1112 1312
2906 1312
925 1312
4064 1312
353 1312
3170 1312
2149 1312
1064 1312
2988 1312
3692 1312
1901 1312
4343 1312
1848 1312
122 1312
2362 1312
379 1312
2748 1312
1342 1312
5119 1312
4 1313
1156 1313
216 1313
5672 1313
11 1313
763 1313
4523 1313
3 1314
63 1314
2 1315
1538 1315
4738 1315
5250 1315
260 1315
4101 1315
4613 1315
5253 1315
1542 1315
1418 1315
5258 1315
3343 1315
5007 1315
2709 1315
153 1315
5148 1315
2078 1315
4382 1315
2208 1315
5412 1315
5041 1315
2485 1315
695 1315
823 1315
313 1315
1722 1315
1595 1315
3773 1315
5437 1315
1855 1315
2623 1315
577 1315
3138 1315
4552 1315
4173 1315
4175 1315
4690 1315
1363 1315
5077 1315
476 1315
5596 1315
4576 1315
1124 1315
1638 1315
5098 1315
1515 1315
4076 1315
116 1315
885 1315
632 1315
5112 1315
2042 1315
3450 1315
2939 1315
1022 1315
1 1316
0 1317
;