param : syllabes :=
# numero_mot nb_syllabes
0 0
1 1
2 1
3 1
4 4
5 4
6 3
7 1
8 2
9 2
10 4
11 5
12 2
13 1
14 2
15 3
16 2
17 3
18 2
19 4
20 0
21 3
22 1
23 2
24 1
25 0
26 2
27 1
28 3
29 1
30 1
31 5
32 5
33 1
34 1
35 5
36 1
37 1
38 2
39 4
40 1
41 3
42 2
43 1
44 3
45 2
46 1
47 1
48 1
49 2
50 3
51 1
52 1
53 2
54 3
55 2
56 2
57 1
58 4
59 1
60 3
61 4
62 2
63 1
64 4
65 1
66 2
67 1
68 4
69 0
70 2
71 2
72 2
73 1
74 3
75 2
76 2
77 2
78 1
79 2
80 0
81 2
82 1
83 3
84 4
85 3
86 1
87 2
88 4
89 7
90 2
91 2
92 1
93 2
94 2
95 1
96 3
97 2
98 2
99 2
100 2
101 2
102 1
103 4
104 2
105 1
106 1
107 3
108 2
109 6
110 4
111 2
112 3
113 1
114 2
115 2
116 2
117 3
118 3
119 1
120 4
121 2
122 5
123 1
124 1
125 6
126 1
127 2
128 2
129 7
130 3
131 1
132 1
133 3
134 2
135 5
136 3
137 3
138 1
139 2
140 2
141 3
142 3
143 2
144 2
145 0
146 1
147 3
148 2
149 3
150 2
151 3
152 6
153 2
154 3
155 1
156 3
157 2
158 3
159 1
160 1
161 2
162 3
163 2
164 3
165 2
166 1
167 1
168 1
169 4
170 1
171 3
172 5
173 1
174 2
175 3
176 2
177 3
178 3
179 1
180 2
181 3
182 4
183 4
184 1
185 3
186 1
187 3
188 3
189 4
190 2
191 1
192 4
193 4
194 5
195 2
196 3
197 1
198 2
199 4
200 2
201 2
202 2
203 1
204 3
205 1
206 3
207 3
208 2
209 3
210 3
211 8
212 2
213 2
214 2
215 4
216 2
217 4
218 1
219 4
220 3
221 2
222 2
223 2
224 4
225 3
226 2
227 3
228 3
229 2
230 3
231 1
232 3
233 1
234 2
235 3
236 4
237 2
238 3
239 1
240 1
241 2
242 5
243 0
244 2
245 2
246 3
247 1
248 3
249 3
250 3
251 3
252 3
253 4
254 3
255 2
256 4
257 3
258 3
259 2
260 1
261 2
262 3
263 3
264 1
265 2
266 2
267 2
268 2
269 2
270 2
271 1
272 1
273 2
274 5
275 4
276 4
277 3
278 2
279 1
280 1
281 3
282 3
283 5
284 5
285 2
286 3
287 1
288 2
289 1
290 2
291 2
292 3
293 3
294 3
295 2
296 2
297 2
298 3
299 4
300 2
301 3
302 1
303 3
304 3
305 2
306 4
307 2
308 4
309 4
310 1
311 3
312 2
313 3
314 2
315 3
316 2
317 2
318 2
319 1
320 3
321 4
322 2
323 3
324 3
325 4
326 4
327 3
328 3
329 2
330 2
331 3
332 3
333 3
334 3
335 2
336 3
337 2
338 1
339 2
340 2
341 2
342 1
343 4
344 3
345 2
346 2
347 5
348 7
349 2
350 2
351 1
352 2
353 6
354 2
355 2
356 5
357 3
358 1
359 4
360 2
361 2
362 1
363 2
364 3
365 1
366 4
367 3
368 1
369 2
370 3
371 3
372 4
373 2
374 1
375 4
376 2
377 2
378 2
379 3
380 3
381 3
382 4
383 1
384 4
385 2
386 2
387 2
388 2
389 2
390 3
391 2
392 3
393 2
394 1
395 3
396 1
397 1
398 2
399 2
400 3
401 4
402 2
403 3
404 5
405 1
406 3
407 3
408 2
409 4
410 3
411 3
412 3
413 4
414 3
415 3
416 3
417 2
418 2
419 2
420 3
421 2
422 2
423 2
424 2
425 2
426 3
427 2
428 2
429 2
430 2
431 3
432 3
433 2
434 2
435 3
436 3
437 3
438 1
439 2
440 2
441 2
442 2
443 2
444 2
445 1
446 2
447 2
448 7
449 2
450 3
451 3
452 2
453 3
454 3
455 3
456 1
457 3
458 3
459 1
460 2
461 2
462 2
463 5
464 2
465 2
466 2
467 3
468 2
469 2
470 6
471 1
472 3
473 2
474 2
475 2
476 3
477 2
478 3
479 3
480 4
481 4
482 5
483 2
484 3
485 2
486 5
487 1
488 3
489 1
490 1
491 3
492 3
493 1
494 2
495 3
496 4
497 2
498 4
499 5
500 4
501 1
502 2
503 2
504 5
505 4
506 4
507 4
508 6
509 2
510 2
511 1
512 4
513 4
514 3
515 2
516 3
517 3
518 2
519 2
520 4
521 3
522 2
523 1
524 2
525 4
526 3
527 1
528 5
529 3
530 1
531 3
532 4
533 1
534 2
535 2
536 3
537 2
538 5
539 2
540 3
541 2
542 1
543 1
544 1
545 2
546 2
547 2
548 2
549 3
550 1
551 3
552 2
553 5
554 2
555 4
556 3
557 4
558 2
559 2
560 3
561 2
562 3
563 2
564 1
565 2
566 5
567 2
568 4
569 3
570 2
571 3
572 2
573 3
574 2
575 2
576 2
577 2
578 4
579 1
580 3
581 3
582 1
583 2
584 2
585 5
586 3
587 2
588 2
589 3
590 5
591 3
592 1
593 4
594 4
595 3
596 2
597 3
598 5
599 4
600 1
601 2
602 3
603 3
604 5
605 1
606 1
607 5
608 3
609 1
610 4
611 3
612 2
613 1
614 1
615 3
616 2
617 3
618 1
619 1
620 2
621 1
622 2
623 3
624 3
625 2
626 2
627 1
628 2
629 1
630 1
631 1
632 2
633 1
634 2
635 3
636 3
637 2
638 4
639 2
640 3
641 2
642 4
643 2
644 1
645 4
646 2
647 1
648 1
649 3
650 2
651 1
652 2
653 3
654 1
655 2
656 4
657 2
658 3
659 1
660 2
661 2
662 6
663 2
664 2
665 2
666 2
667 3
668 2
669 2
670 3
671 4
672 4
673 2
674 2
675 5
676 4
677 2
678 3
679 4
680 5
681 2
682 2
683 3
684 3
685 3
686 3
687 1
688 1
689 3
690 0
691 1
692 2
693 2
694 2
695 2
696 3
697 3
698 3
699 2
700 4
701 5
702 2
703 2
704 2
705 1
706 2
707 3
708 3
709 2
710 3
711 2
712 1
713 3
714 2
715 2
716 1
717 3
718 3
719 2
720 3
721 2
722 3
723 4
724 3
725 3
726 6
727 1
728 3
729 2
730 3
731 2
732 2
733 3
734 3
735 4
736 2
737 1
738 3
739 2
740 3
741 3
742 3
743 3
744 3
745 3
746 3
747 4
748 3
749 2
750 2
751 4
752 4
753 1
754 2
755 3
756 1
757 4
758 2
759 3
760 3
761 3
762 1
763 4
764 2
765 2
766 3
767 2
768 2
769 3
770 2
771 5
772 2
773 3
774 2
775 2
776 1
777 2
778 3
779 3
780 2
781 5
782 3
783 3
784 4
785 3
786 3
787 1
788 2
789 5
790 1
791 2
792 4
793 4
794 2
795 3
796 2
797 2
798 3
799 3
800 2
801 3
802 1
803 4
804 3
805 2
806 2
807 3
808 3
809 2
810 2
811 3
812 2
813 2
814 1
815 3
816 2
817 2
818 2
819 2
820 2
821 1
822 1
823 1
824 2
825 2
826 3
827 2
828 4
829 2
830 2
831 3
832 2
833 2
834 3
835 4
836 2
837 3
838 2
839 1
840 1
841 2
842 2
843 3
844 2
845 2
846 2
847 2
848 3
849 2
850 3
851 1
852 3
853 2
854 1
855 4
856 3
857 2
858 2
859 3
860 3
861 2
862 1
863 3
864 2
865 3
866 2
867 3
868 2
869 3
870 2
871 2
872 1
873 3
874 2
875 2
876 2
877 4
878 2
879 2
880 1
881 2
882 2
883 3
884 2
885 1
886 2
887 2
888 3
889 2
890 2
891 2
892 2
893 2
894 2
895 3
896 2
897 2
898 2
899 2
900 2
901 2
902 3
903 2
904 2
905 2
906 4
907 3
908 2
909 1
910 3
911 2
912 2
913 1
914 2
915 1
916 2
917 3
918 2
919 3
920 4
921 2
922 1
923 2
924 1
925 5
926 2
927 3
928 2
929 2
930 1
931 2
932 2
933 3
934 4
935 1
936 3
937 2
938 1
939 2
940 4
941 2
942 3
943 3
944 3
945 2
946 4
947 3
948 2
949 1
950 1
951 1
952 2
953 1
954 1
955 1
956 1
957 1
958 3
959 2
960 2
961 3
962 3
963 1
964 2
965 4
966 2
967 2
968 3
969 2
970 1
971 2
972 2
973 2
974 2
975 1
976 3
977 2
978 2
979 3
980 2
981 3
982 2
983 3
984 3
985 2
986 1
987 4
988 2
989 2
990 4
991 2
992 2
993 2
994 3
995 3
996 3
997 3
998 3
999 1
1000 3
1001 2
1002 3
1003 2
1004 3
1005 2
1006 3
1007 2
1008 4
1009 3
1010 1
1011 3
1012 2
1013 2
1014 1
1015 1
1016 2
1017 2
1018 2
1019 1
1020 1
1021 5
1022 2
1023 1
1024 1
1025 2
1026 1
1027 1
1028 1
1029 1
1030 2
1031 3
1032 2
1033 4
1034 4
1035 2
1036 2
1037 2
1038 2
1039 1
1040 2
1041 4
1042 1
1043 1
1044 3
1045 2
1046 1
1047 2
1048 2
1049 2
1050 2
1051 4
1052 2
1053 2
1054 3
1055 1
1056 1
1057 2
1058 2
1059 3
1060 2
1061 3
1062 3
1063 1
1064 2
1065 3
1066 3
1067 1
1068 2
1069 2
1070 4
1071 2
1072 1
1073 2
1074 3
1075 3
1076 1
1077 3
1078 2
1079 3
1080 2
1081 2
1082 3
1083 1
1084 2
1085 2
1086 1
1087 1
1088 2
1089 2
1090 2
1091 2
1092 1
1093 2
1094 2
1095 3
1096 0
1097 4
1098 2
1099 3
1100 2
1101 4
1102 3
1103 2
1104 1
1105 1
1106 2
1107 2
1108 2
1109 1
1110 1
1111 2
1112 2
1113 3
1114 3
1115 2
1116 2
1117 2
1118 1
1119 2
1120 2
1121 3
1122 3
1123 4
1124 3
1125 2
1126 3
1127 1
1128 2
1129 3
1130 1
1131 2
1132 1
1133 3
1134 2
1135 3
1136 4
1137 2
1138 2
1139 2
1140 4
1141 2
1142 3
1143 3
1144 2
1145 2
1146 1
1147 2
1148 3
1149 3
1150 3
1151 3
1152 2
1153 3
1154 2
1155 3
1156 2
1157 1
1158 2
1159 2
1160 2
1161 3
1162 1
1163 3
1164 3
1165 1
1166 2
1167 2
1168 1
1169 1
1170 3
1171 2
1172 2
1173 3
1174 2
1175 3
1176 2
1177 3
1178 2
1179 3
1180 4
1181 2
1182 2
1183 1
1184 2
1185 3
1186 3
1187 2
1188 3
1189 2
1190 2
1191 2
1192 3
1193 2
1194 1
1195 2
1196 3
1197 2
1198 2
1199 4
1200 2
1201 2
1202 2
1203 3
1204 2
1205 2
1206 1
1207 2
1208 2
1209 2
1210 2
1211 3
1212 3
1213 3
1214 1
1215 2
1216 2
1217 2
1218 2
1219 3
1220 2
1221 2
1222 1
1223 2
1224 3
1225 1
1226 2
1227 3
1228 1
1229 1
1230 1
1231 3
1232 2
1233 4
1234 2
1235 2
1236 2
1237 3
1238 2
1239 2
1240 2
1241 2
1242 2
1243 3
1244 1
1245 1
1246 4
1247 2
1248 2
1249 2
1250 3
1251 4
1252 4
1253 2
1254 3
1255 3
1256 1
1257 2
1258 3
1259 3
1260 3
1261 3
1262 2
1263 1
1264 2
1265 3
1266 3
1267 3
1268 2
1269 2
1270 2
1271 1
1272 4
1273 3
1274 2
1275 2
1276 4
1277 3
1278 1
1279 3
1280 2
1281 2
1282 3
1283 1
1284 2
1285 2
1286 2
1287 2
1288 2
1289 3
1290 2
1291 2
1292 2
1293 2
1294 2
1295 2
1296 3
1297 1
1298 2
1299 2
1300 3
1301 2
1302 2
1303 2
1304 2
1305 2
1306 2
1307 2
1308 1
1309 2
1310 3
1311 4
1312 2
1313 2
1314 1
1315 2
1316 1
1317 2
1318 3
1319 2
1320 3
1321 3
1322 3
1323 2
1324 3
1325 3
1326 1
1327 2
1328 3
1329 3
1330 2
1331 1
1332 2
1333 3
1334 2
1335 1
1336 2
1337 1
1338 3
1339 2
1340 4
1341 3
1342 2
1343 3
1344 1
1345 3
1346 2
1347 4
1348 2
1349 1
1350 3
1351 2
1352 2
1353 2
1354 2
1355 3
1356 2
1357 2
1358 5
1359 3
1360 2
1361 2
1362 3
1363 1
1364 3
1365 3
1366 2
1367 2
1368 2
1369 2
1370 3
1371 2
1372 2
1373 2
1374 1
1375 2
1376 1
1377 3
1378 3
1379 2
1380 2
1381 2
1382 2
1383 2
1384 1
1385 2
1386 3
1387 1
1388 1
1389 2
1390 3
1391 2
1392 1
1393 2
1394 3
1395 3
1396 2
1397 2
1398 3
1399 2
1400 4
1401 3
1402 1
1403 2
1404 2
1405 2
1406 4
1407 2
1408 1
1409 3
1410 4
1411 2
1412 2
1413 2
1414 2
1415 3
1416 4
1417 2
1418 2
1419 2
1420 4
1421 2
1422 2
1423 3
1424 2
1425 2
1426 2
1427 1
1428 2
1429 1
1430 4
1431 2
1432 3
1433 1
1434 3
1435 2
1436 2
1437 2
1438 3
1439 2
1440 2
1441 1
1442 3
1443 2
1444 2
1445 2
1446 2
1447 4
1448 3
1449 2
1450 3
1451 2
1452 2
1453 2
1454 1
1455 2
1456 1
1457 1
1458 4
1459 1
1460 2
1461 3
1462 2
1463 1
1464 1
1465 1
1466 3
1467 2
1468 1
1469 2
1470 4
1471 1
1472 3
1473 2
1474 2
1475 3
1476 2
1477 3
1478 3
1479 3
1480 3
1481 3
1482 1
1483 2
1484 2
1485 3
1486 1
1487 1
1488 3
1489 2
1490 1
1491 2
1492 2
1493 3
1494 2
1495 2
1496 2
1497 2
1498 3
1499 2
1500 3
1501 2
1502 1
1503 2
1504 1
1505 3
1506 2
1507 2
1508 3
1509 2
1510 2
1511 2
1512 2
1513 1
1514 3
1515 4
1516 3
1517 3
1518 2
1519 2
1520 1
1521 2
1522 3
1523 2
1524 4
1525 2
1526 2
1527 3
1528 2
1529 2
1530 4
1531 2
1532 3
1533 2
1534 3
1535 2
1536 2
1537 2
1538 2
1539 3
1540 1
1541 3
1542 2
1543 4
1544 1
1545 2
1546 1
1547 4
1548 2
1549 3
1550 2
1551 3
1552 2
1553 4
1554 3
1555 3
1556 1
1557 2
1558 2
1559 3
1560 2
1561 1
1562 2
1563 1
1564 3
1565 2
1566 1
1567 3
1568 3
1569 1
1570 1
1571 2
1572 3
1573 1
1574 2
1575 2
1576 3
1577 4
1578 2
1579 2
1580 3
1581 3
1582 2
1583 3
1584 2
1585 3
1586 3
1587 2
1588 3
1589 2
1590 3
1591 3
1592 2
1593 2
1594 2
1595 2
1596 2
1597 2
1598 3
1599 3
1600 3
1601 3
1602 3
1603 4
1604 3
1605 2
1606 2
1607 2
1608 1
1609 2
1610 3
1611 3
1612 2
1613 3
1614 2
1615 2
1616 1
1617 4
1618 3
1619 2
1620 2
1621 1
1622 2
1623 3
1624 2
1625 3
1626 3
1627 2
1628 2
1629 1
1630 2
1631 2
1632 4
1633 3
1634 2
1635 3
1636 2
1637 3
1638 2
1639 2
1640 4
1641 1
1642 1
1643 3
1644 4
1645 1
1646 2
1647 3
1648 2
1649 2
1650 1
1651 4
1652 2
1653 2
1654 3
1655 2
1656 1
1657 2
1658 2
1659 3
1660 2
1661 1
1662 3
1663 2
1664 3
1665 3
1666 2
1667 4
1668 4
1669 3
1670 2
1671 2
1672 1
1673 1
1674 2
1675 2
1676 1
1677 2
1678 3
1679 2
1680 1
1681 3
1682 1
1683 2
1684 2
1685 3
1686 1
1687 2
1688 3
1689 1
1690 2
1691 3
1692 3
1693 2
1694 2
1695 2
1696 2
1697 1
1698 3
1699 2
1700 2
1701 2
1702 2
1703 1
1704 2
1705 2
1706 2
1707 3
1708 3
1709 2
1710 3
1711 3
1712 3
1713 2
1714 2
1715 3
1716 3
1717 2
1718 2
1719 2
1720 4
1721 2
1722 3
1723 2
1724 3
1725 2
1726 2
1727 3
1728 1
1729 2
1730 2
1731 1
1732 1
1733 3
1734 2
1735 3
1736 4
1737 2
1738 2
1739 2
1740 2
1741 3
1742 2
1743 2
1744 4
1745 2
1746 2
1747 4
1748 5
1749 2
1750 2
1751 2
1752 1
1753 2
1754 2
1755 3
1756 2
1757 4
1758 2
1759 2
1760 2
1761 3
1762 4
1763 2
1764 1
1765 2
1766 2
1767 1
1768 2
1769 3
1770 2
1771 2
1772 4
1773 2
1774 2
1775 1
1776 2
1777 2
1778 1
1779 3
1780 3
1781 1
1782 3
1783 1
1784 2
1785 2
1786 2
1787 2
1788 1
1789 3
1790 3
1791 2
1792 1
1793 2
1794 4
1795 3
1796 3
1797 4
1798 3
1799 3
1800 3
1801 3
1802 2
1803 2
1804 4
1805 2
1806 2
1807 3
1808 2
1809 3
1810 1
1811 2
1812 3
1813 4
1814 4
1815 1
1816 2
1817 3
1818 3
1819 1
1820 3
1821 2
1822 2
1823 2
1824 1
1825 3
1826 3
1827 2
1828 2
1829 3
1830 2
1831 3
1832 2
1833 2
1834 2
1835 1
1836 4
1837 2
1838 3
1839 3
1840 2
1841 2
1842 2
1843 2
1844 5
1845 4
1846 2
1847 3
1848 3
1849 3
1850 2
1851 4
1852 4
1853 3
1854 3
1855 1
1856 3
1857 2
1858 4
1859 4
1860 3
1861 5
1862 2
1863 2
1864 2
1865 1
1866 2
1867 2
1868 3
1869 1
1870 3
1871 3
1872 3
1873 2
1874 2
1875 3
1876 2
1877 3
1878 2
1879 3
1880 2
1881 1
1882 2
1883 3
1884 1
1885 3
1886 2
1887 3
1888 4
1889 3
1890 2
1891 2
1892 3
1893 3
1894 3
1895 3
1896 2
1897 3
1898 4
1899 2
1900 3
1901 3
1902 3
1903 3
1904 3
1905 2
1906 2
1907 4
1908 4
1909 3
1910 2
1911 3
1912 2
1913 1
1914 2
1915 4
1916 3
1917 2
1918 3
1919 3
1920 1
1921 2
1922 2
1923 3
1924 2
1925 2
1926 2
1927 2
1928 3
1929 1
1930 3
1931 3
1932 2
1933 1
1934 3
1935 2
1936 2
1937 2
1938 2
1939 2
1940 2
1941 2
1942 1
1943 1
1944 3
1945 2
1946 4
1947 2
1948 2
1949 3
1950 2
1951 3
1952 2
1953 2
1954 3
1955 2
1956 2
1957 3
1958 2
1959 3
1960 2
1961 2
1962 2
1963 2
1964 1
1965 2
1966 2
1967 3
1968 3
1969 2
1970 2
1971 2
1972 2
1973 2
1974 2
1975 3
1976 3
1977 2
1978 5
1979 4
1980 2
1981 2
1982 3
1983 3
1984 2
1985 3
1986 2
1987 3
1988 3
1989 3
1990 3
1991 3
1992 2
1993 2
1994 3
1995 3
1996 2
1997 3
1998 2
1999 2
2000 3
2001 1
2002 1
2003 2
2004 2
2005 1
2006 2
2007 2
2008 1
2009 2
2010 3
2011 4
2012 2
2013 3
2014 2
2015 3
2016 3
2017 2
2018 3
2019 2
2020 4
2021 2
2022 3
2023 3
2024 2
2025 2
2026 2
2027 2
2028 5
2029 2
2030 2
2031 2
2032 1
2033 2
2034 2
2035 2
2036 2
2037 2
2038 2
2039 3
2040 3
2041 2
2042 2
2043 1
2044 1
2045 4
2046 2
2047 2
2048 3
2049 1
2050 2
2051 2
2052 3
2053 4
2054 3
2055 2
2056 3
2057 2
2058 2
2059 3
2060 3
2061 3
2062 3
2063 3
2064 2
2065 3
2066 2
2067 1
2068 3
2069 2
2070 2
2071 3
2072 1
2073 1
2074 3
2075 2
2076 2
2077 3
2078 2
2079 3
2080 2
2081 2
2082 1
2083 2
2084 3
2085 2
2086 3
2087 2
2088 2
2089 2
2090 2
2091 2
2092 1
2093 2
2094 1
2095 2
2096 2
2097 2
2098 1
2099 1
2100 3
2101 3
2102 2
2103 2
2104 3
2105 4
2106 1
2107 2
2108 3
2109 1
2110 5
2111 4
2112 1
2113 3
2114 4
2115 1
2116 3
2117 3
2118 2
2119 2
2120 3
2121 3
2122 2
2123 4
2124 2
2125 2
2126 2
2127 2
2128 2
2129 3
2130 1
2131 3
2132 1
2133 1
2134 3
2135 3
2136 4
2137 3
2138 1
2139 2
2140 2
2141 2
2142 4
2143 2
2144 3
2145 1
2146 3
2147 3
2148 2
2149 4
2150 2
2151 2
2152 1
2153 2
2154 2
2155 3
2156 3
2157 4
2158 3
2159 2
2160 1
2161 1
2162 3
2163 2
2164 3
2165 3
2166 4
2167 1
2168 3
2169 3
2170 2
2171 2
2172 3
2173 3
2174 2
2175 2
2176 1
2177 3
2178 3
2179 2
2180 3
2181 3
2182 3
2183 3
2184 2
2185 2
2186 4
2187 3
2188 2
2189 3
2190 2
2191 1
2192 2
2193 1
2194 3
2195 4
2196 2
2197 3
2198 2
2199 2
2200 1
2201 3
2202 4
2203 3
2204 2
2205 2
2206 2
2207 2
2208 2
2209 2
2210 1
2211 2
2212 3
2213 3
2214 2
2215 4
2216 3
2217 2
2218 4
2219 5
2220 2
2221 1
2222 3
2223 4
2224 3
2225 2
2226 2
2227 2
2228 3
2229 2
2230 2
2231 3
2232 2
2233 2
2234 4
2235 3
2236 4
2237 3
2238 1
2239 2
2240 4
2241 4
2242 1
2243 3
2244 3
2245 4
2246 3
2247 1
2248 1
2249 3
2250 2
2251 2
2252 2
2253 3
2254 3
2255 3
2256 2
2257 3
2258 2
2259 2
2260 2
2261 2
2262 2
2263 2
2264 3
2265 3
2266 3
2267 3
2268 3
2269 3
2270 3
2271 2
2272 2
2273 2
2274 2
2275 2
2276 2
2277 2
2278 3
2279 1
2280 2
2281 2
2282 4
2283 3
2284 4
2285 2
2286 4
2287 3
2288 3
2289 1
2290 3
2291 2
2292 2
2293 2
2294 3
2295 2
2296 3
2297 3
2298 2
2299 3
2300 2
2301 2
2302 2
2303 2
2304 2
2305 3
2306 2
2307 3
2308 3
2309 2
2310 2
2311 2
2312 3
2313 2
2314 3
2315 1
2316 2
2317 3
2318 2
2319 1
2320 2
2321 3
2322 3
2323 2
2324 2
2325 2
2326 2
2327 3
2328 2
2329 2
2330 3
2331 2
2332 2
2333 2
2334 3
2335 3
2336 2
2337 3
2338 3
2339 3
2340 2
2341 1
2342 2
2343 2
2344 3
2345 2
2346 3
2347 2
2348 2
2349 3
2350 2
2351 3
2352 2
2353 2
2354 4
2355 3
2356 3
2357 3
2358 2
2359 2
2360 1
2361 2
2362 3
2363 2
2364 3
2365 3
2366 2
2367 1
2368 3
2369 1
2370 3
2371 2
2372 2
2373 3
2374 3
2375 3
2376 3
2377 1
2378 2
2379 2
2380 2
2381 2
2382 2
2383 3
2384 3
2385 1
2386 2
2387 2
2388 1
2389 2
2390 3
2391 3
2392 3
2393 1
2394 2
2395 3
2396 3
2397 3
2398 3
2399 3
2400 2
2401 4
2402 4
2403 2
2404 3
2405 5
2406 2
2407 3
2408 2
2409 3
2410 2
2411 2
2412 2
2413 4
2414 3
2415 2
2416 2
2417 3
2418 3
2419 2
2420 2
2421 2
2422 3
2423 3
2424 3
2425 3
2426 2
2427 2
2428 3
2429 2
2430 3
2431 3
2432 4
2433 3
2434 2
2435 2
2436 2
2437 2
2438 2
2439 3
2440 3
2441 3
2442 1
2443 3
2444 4
2445 2
2446 2
2447 2
2448 2
2449 5
2450 3
2451 3
2452 2
2453 2
2454 2
2455 2
2456 4
2457 4
2458 2
2459 1
2460 3
2461 1
2462 2
2463 2
2464 2
2465 2
2466 3
2467 3
2468 4
2469 2
2470 4
2471 1
2472 3
2473 2
2474 1
2475 1
2476 2
2477 3
2478 1
2479 2
2480 3
2481 3
2482 2
2483 4
2484 2
2485 2
2486 5
2487 2
2488 3
2489 2
2490 2
2491 3
2492 1
2493 3
2494 4
2495 2
2496 3
2497 2
2498 3
2499 1
2500 4
2501 3
2502 3
2503 2
2504 2
2505 2
2506 1
2507 2
2508 4
2509 1
2510 2
2511 3
2512 3
2513 2
2514 2
2515 3
2516 2
2517 3
2518 2
2519 4
2520 1
2521 2
2522 1
2523 2
2524 3
2525 3
2526 3
2527 1
2528 3
2529 2
2530 2
2531 3
2532 2
2533 2
2534 3
2535 3
2536 2
2537 2
2538 1
2539 3
2540 3
2541 1
2542 2
2543 4
2544 2
2545 3
2546 2
2547 3
2548 3
2549 2
2550 3
2551 2
2552 3
2553 3
2554 1
2555 2
2556 2
2557 3
2558 2
2559 3
2560 4
2561 2
2562 3
2563 3
2564 4
2565 4
2566 1
2567 3
2568 4
2569 3
2570 2
2571 4
2572 3
2573 2
2574 2
2575 3
2576 2
2577 4
2578 2
2579 2
2580 2
2581 4
2582 3
2583 1
2584 2
2585 3
2586 2
2587 2
2588 3
2589 3
2590 3
2591 2
2592 2
2593 3
2594 2
2595 2
2596 3
2597 1
2598 2
2599 1
2600 2
2601 2
2602 4
2603 2
2604 3
2605 4
2606 2
2607 1
2608 2
2609 3
2610 2
2611 2
2612 2
2613 2
2614 1
2615 3
2616 2
2617 1
2618 2
2619 2
2620 2
2621 1
2622 1
2623 1
2624 4
2625 3
2626 2
2627 2
2628 2
2629 3
2630 2
2631 1
2632 3
2633 4
2634 3
2635 3
2636 2
2637 3
2638 3
2639 4
2640 3
2641 2
2642 4
2643 3
2644 3
2645 3
2646 2
2647 2
2648 2
2649 3
2650 1
2651 2
2652 2
2653 2
2654 2
2655 3
2656 2
2657 3
2658 1
2659 2
2660 2
2661 2
2662 2
2663 2
2664 1
2665 3
2666 2
2667 4
2668 4
2669 2
2670 2
2671 2
2672 4
2673 2
2674 3
2675 1
2676 2
2677 2
2678 3
2679 2
2680 3
2681 1
2682 2
2683 2
2684 2
2685 2
2686 2
2687 2
2688 3
2689 3
2690 3
2691 2
2692 2
2693 2
2694 3
2695 3
2696 3
2697 4
2698 4
2699 2
2700 5
2701 1
2702 2
2703 3
2704 2
2705 4
2706 2
2707 2
2708 2
2709 3
2710 2
2711 2
2712 2
2713 1
2714 4
2715 2
2716 2
2717 4
2718 3
2719 2
2720 2
2721 3
2722 3
2723 2
2724 2
2725 2
2726 2
2727 3
2728 2
2729 3
2730 4
2731 2
2732 3
2733 2
2734 3
2735 1
2736 2
2737 4
2738 3
2739 1
2740 2
2741 4
2742 4
2743 3
2744 3
2745 2
2746 3
2747 2
2748 2
2749 2
2750 3
2751 4
2752 3
2753 3
2754 3
2755 3
2756 3
2757 3
2758 2
2759 2
2760 2
2761 2
2762 2
2763 2
2764 3
2765 1
2766 2
2767 3
2768 3
2769 2
2770 2
2771 2
2772 2
2773 3
2774 3
2775 2
2776 4
2777 3
2778 4
2779 2
2780 2
2781 3
2782 3
2783 2
2784 2
2785 2
2786 2
2787 3
2788 2
2789 3
2790 2
2791 3
2792 3
2793 2
2794 2
2795 3
2796 2
2797 2
2798 2
2799 2
2800 4
2801 3
2802 3
2803 2
2804 3
2805 2
2806 2
2807 2
2808 3
2809 3
2810 2
2811 3
2812 2
2813 3
2814 2
2815 3
2816 4
2817 3
2818 3
2819 3
2820 1
2821 2
2822 2
2823 1
2824 2
2825 3
2826 2
2827 1
2828 3
2829 2
2830 2
2831 3
2832 3
2833 2
2834 2
2835 2
2836 2
2837 2
2838 4
2839 2
2840 4
2841 3
2842 3
2843 2
2844 2
2845 2
2846 3
2847 3
2848 2
2849 3
2850 3
2851 2
2852 4
2853 4
2854 2
2855 4
2856 3
2857 1
2858 1
2859 2
2860 2
2861 2
2862 2
2863 4
2864 3
2865 3
2866 3
2867 1
2868 2
2869 4
2870 2
2871 3
2872 2
2873 2
2874 2
2875 2
2876 2
2877 3
2878 2
2879 2
2880 2
2881 2
2882 1
2883 1
2884 2
2885 2
2886 2
2887 2
2888 2
2889 2
2890 3
2891 3
2892 2
2893 4
2894 3
2895 2
2896 1
2897 3
2898 2
2899 3
2900 3
2901 2
2902 2
2903 3
2904 4
2905 4
2906 1
2907 2
2908 3
2909 3
2910 3
2911 3
2912 3
2913 2
2914 5
2915 3
2916 2
2917 3
2918 2
2919 4
2920 1
2921 2
2922 2
2923 2
2924 2
2925 1
2926 1
2927 3
2928 2
2929 2
2930 4
2931 2
2932 3
2933 2
2934 2
2935 2
2936 3
2937 3
2938 2
2939 2
2940 2
2941 3
2942 2
2943 1
2944 2
2945 2
2946 3
2947 2
2948 3
2949 3
2950 2
2951 2
2952 3
2953 1
2954 2
2955 3
2956 3
2957 2
2958 4
2959 3
2960 3
2961 5
2962 2
2963 3
2964 3
2965 2
2966 2
2967 3
2968 2
2969 3
2970 2
2971 3
2972 2
2973 2
2974 2
2975 1
2976 1
2977 2
2978 3
2979 2
2980 2
2981 3
2982 2
2983 2
2984 2
2985 2
2986 4
2987 1
2988 2
2989 3
2990 2
2991 2
2992 2
2993 4
2994 4
2995 3
2996 2
2997 1
2998 4
2999 2
3000 3
3001 2
3002 2
3003 3
3004 2
3005 2
3006 4
3007 2
3008 2
3009 5
3010 4
3011 2
3012 1
3013 3
3014 2
3015 3
3016 2
3017 3
3018 3
3019 3
3020 5
3021 3
3022 3
3023 2
3024 1
3025 3
3026 2
3027 2
3028 3
3029 2
3030 2
3031 2
3032 2
3033 3
3034 2
3035 3
3036 2
3037 2
3038 2
3039 1
3040 1
3041 1
3042 2
3043 3
3044 2
3045 3
3046 1
3047 2
3048 3
3049 2
3050 1
3051 2
3052 2
3053 1
3054 2
3055 1
3056 2
3057 3
3058 2
3059 2
3060 1
3061 3
3062 2
3063 3
3064 2
3065 1
3066 3
3067 2
3068 5
3069 1
3070 4
3071 1
3072 2
3073 1
3074 2
3075 2
3076 3
3077 2
3078 2
3079 2
3080 2
3081 1
3082 2
3083 2
3084 2
3085 3
3086 2
3087 3
3088 3
3089 3
3090 2
3091 2
3092 2
3093 2
3094 2
3095 2
3096 3
3097 3
3098 3
3099 2
3100 3
3101 3
3102 2
3103 3
3104 2
3105 2
3106 2
3107 2
3108 2
3109 3
3110 2
3111 4
3112 2
3113 2
3114 2
3115 3
3116 2
3117 3
3118 3
3119 3
3120 2
3121 3
3122 1
3123 2
3124 1
3125 2
3126 3
3127 3
3128 3
3129 4
3130 2
3131 2
3132 3
3133 2
3134 2
3135 2
3136 3
3137 2
3138 2
3139 3
3140 2
3141 3
3142 2
3143 1
3144 4
3145 2
3146 1
3147 1
3148 3
3149 3
3150 4
3151 3
3152 3
3153 2
3154 2
3155 2
3156 2
3157 3
3158 2
3159 2
3160 2
3161 1
3162 2
3163 3
3164 2
3165 1
3166 3
3167 1
3168 1
3169 1
3170 1
3171 3
3172 3
3173 2
3174 2
3175 4
3176 3
3177 3
3178 2
3179 2
3180 2
3181 2
3182 2
3183 2
3184 2
3185 3
3186 3
3187 2
3188 2
3189 2
3190 2
3191 3
3192 3
3193 3
3194 3
3195 2
3196 2
3197 3
3198 3
3199 2
3200 2
3201 2
3202 2
3203 2
3204 2
3205 2
3206 3
3207 3
3208 1
3209 3
3210 3
3211 2
3212 2
3213 3
3214 2
3215 3
3216 3
3217 3
3218 2
3219 3
3220 3
3221 2
3222 1
3223 2
3224 2
3225 3
3226 4
3227 3
3228 2
3229 3
3230 3
3231 3
3232 2
3233 3
3234 2
3235 4
3236 3
3237 3
3238 2
3239 2
3240 3
3241 2
3242 2
3243 3
3244 1
3245 2
3246 3
3247 2
3248 3
3249 1
3250 2
3251 2
3252 4
3253 2
3254 2
3255 4
3256 2
3257 3
3258 2
3259 2
3260 3
3261 3
3262 2
3263 3
3264 4
3265 2
3266 1
3267 2
3268 4
3269 3
3270 3
3271 3
3272 3
3273 3
3274 2
3275 3
3276 2
3277 4
3278 3
3279 2
3280 2
3281 3
3282 3
3283 2
3284 3
3285 3
3286 2
3287 3
3288 1
3289 2
3290 3
3291 2
3292 2
3293 2
3294 2
3295 2
3296 4
3297 4
3298 2
3299 2
3300 2
3301 3
3302 2
3303 1
3304 2
3305 3
3306 4
3307 2
3308 3
3309 3
3310 3
3311 2
3312 3
3313 2
3314 3
3315 3
3316 2
3317 3
3318 1
3319 4
3320 2
3321 2
3322 3
3323 2
3324 2
3325 1
3326 2
3327 3
3328 2
3329 2
3330 1
3331 2
3332 2
3333 3
3334 3
3335 3
3336 1
3337 3
3338 2
3339 2
3340 1
3341 1
3342 4
3343 2
3344 2
3345 2
3346 2
3347 3
3348 2
3349 2
3350 2
3351 3
3352 2
3353 3
3354 3
3355 2
3356 4
3357 2
3358 3
3359 2
3360 3
3361 3
3362 3
3363 4
3364 3
3365 2
3366 2
3367 1
3368 3
3369 3
3370 2
3371 2
3372 2
3373 1
3374 2
3375 3
3376 3
3377 2
3378 3
3379 4
3380 4
3381 2
3382 2
3383 2
3384 2
3385 3
3386 2
3387 2
3388 2
3389 3
3390 2
3391 3
3392 3
3393 4
3394 2
3395 3
3396 3
3397 2
3398 4
3399 4
3400 2
3401 2
3402 2
3403 4
3404 2
3405 1
3406 2
3407 2
3408 2
3409 2
3410 2
3411 3
3412 2
3413 3
3414 2
3415 2
3416 4
3417 3
3418 2
3419 3
3420 1
3421 2
3422 1
3423 2
3424 2
3425 3
3426 2
3427 2
3428 3
3429 3
3430 3
3431 2
3432 3
3433 2
3434 2
3435 1
3436 5
3437 3
3438 5
3439 3
3440 3
3441 2
3442 3
3443 3
3444 3
3445 3
3446 2
3447 2
3448 1
3449 3
3450 3
3451 3
3452 3
3453 2
3454 1
3455 2
3456 2
3457 2
3458 2
3459 3
3460 3
3461 3
3462 1
3463 3
3464 4
3465 3
3466 2
3467 2
3468 2
3469 4
3470 3
3471 3
3472 3
3473 3
3474 1
3475 2
3476 3
3477 1
3478 3
3479 3
3480 2
3481 2
3482 3
3483 3
3484 1
3485 3
3486 2
3487 2
3488 2
3489 3
3490 2
3491 3
3492 2
3493 2
3494 3
3495 2
3496 2
3497 3
3498 2
3499 3
3500 3
3501 2
3502 2
3503 2
3504 2
3505 2
3506 3
3507 2
3508 2
3509 2
3510 2
3511 5
3512 3
3513 3
3514 2
3515 3
3516 4
3517 2
3518 2
3519 2
3520 1
3521 2
3522 3
3523 3
3524 3
3525 2
3526 3
3527 2
3528 3
3529 2
3530 2
3531 3
3532 3
3533 2
3534 2
3535 2
3536 2
3537 2
3538 2
3539 3
3540 3
3541 2
3542 3
3543 3
3544 2
3545 4
3546 3
3547 2
3548 3
3549 2
3550 3
3551 3
3552 4
3553 2
3554 4
3555 2
3556 3
3557 3
3558 2
3559 4
3560 1
3561 3
3562 3
3563 3
3564 2
3565 3
3566 3
3567 2
3568 3
3569 3
3570 3
3571 3
3572 3
3573 1
3574 3
3575 2
3576 3
3577 3
3578 3
3579 2
3580 3
3581 3
3582 3
3583 3
3584 4
3585 2
3586 2
3587 2
3588 1
3589 4
3590 3
3591 2
3592 2
3593 4
3594 3
3595 1
3596 3
3597 3
3598 5
3599 4
3600 3
3601 3
3602 2
3603 2
3604 2
3605 2
3606 2
3607 2
3608 3
3609 4
3610 3
3611 5
3612 3
3613 2
3614 2
3615 3
3616 2
3617 1
3618 3
3619 2
3620 3
3621 3
3622 2
3623 2
3624 3
3625 1
3626 2
3627 3
3628 2
3629 2
3630 3
3631 3
3632 3
3633 3
3634 2
3635 1
3636 2
3637 3
3638 3
3639 2
3640 2
3641 4
3642 2
3643 4
3644 2
3645 2
3646 2
3647 3
3648 1
3649 2
3650 1
3651 2
3652 2
3653 2
3654 1
3655 3
3656 2
3657 2
3658 4
3659 2
3660 3
3661 1
3662 2
3663 1
3664 3
3665 3
3666 3
3667 3
3668 3
3669 3
3670 3
3671 3
3672 2
3673 2
3674 3
3675 3
3676 3
3677 2
3678 2
3679 2
3680 4
3681 3
3682 2
3683 2
3684 2
3685 1
3686 4
3687 1
3688 5
3689 4
3690 2
3691 2
3692 2
3693 3
3694 3
3695 2
3696 3
3697 3
3698 3
3699 2
3700 2
3701 1
3702 3
3703 2
3704 3
3705 2
3706 4
3707 3
3708 1
3709 3
3710 2
3711 2
3712 1
3713 1
3714 1
3715 2
3716 2
3717 2
3718 3
3719 2
3720 3
3721 3
3722 3
3723 1
3724 2
3725 2
3726 3
3727 2
3728 3
3729 4
3730 2
3731 2
3732 2
3733 2
3734 2
3735 2
3736 2
3737 3
3738 3
3739 2
3740 3
3741 2
3742 3
3743 5
3744 2
3745 3
3746 3
3747 4
3748 3
3749 2
3750 4
3751 2
3752 2
3753 2
3754 2
3755 2
3756 2
3757 3
3758 2
3759 5
3760 5
3761 5
3762 1
3763 2
3764 2
3765 2
3766 1
3767 2
3768 2
3769 2
3770 2
3771 2
3772 3
3773 2
3774 3
3775 3
3776 2
3777 3
3778 3
3779 2
3780 3
3781 2
3782 4
3783 2
3784 2
3785 3
3786 2
3787 2
3788 3
3789 2
3790 2
3791 2
3792 2
3793 3
3794 2
3795 2
3796 4
3797 2
3798 4
3799 2
3800 3
3801 1
3802 2
3803 2
3804 4
3805 2
3806 2
3807 2
3808 2
3809 2
3810 2
3811 3
3812 2
3813 2
3814 2
3815 3
3816 4
3817 2
3818 2
3819 2
3820 3
3821 3
3822 2
3823 1
3824 2
3825 2
3826 4
3827 2
3828 2
3829 2
3830 2
3831 3
3832 2
3833 2
3834 3
3835 2
3836 3
3837 2
3838 2
3839 1
3840 4
3841 4
3842 3
3843 4
3844 3
3845 2
3846 2
3847 3
3848 3
3849 1
3850 2
3851 3
3852 2
3853 1
3854 4
3855 2
3856 2
3857 3
3858 1
3859 4
3860 4
3861 5
3862 3
3863 3
3864 1
3865 3
3866 2
3867 2
3868 2
3869 3
3870 2
3871 2
3872 2
3873 2
3874 2
3875 2
3876 2
3877 3
3878 1
3879 3
3880 2
3881 1
3882 4
3883 1
3884 1
3885 2
3886 1
3887 2
3888 1
3889 3
3890 2
3891 3
3892 2
3893 2
3894 2
3895 2
3896 3
3897 3
3898 3
3899 2
3900 3
3901 2
3902 3
3903 4
3904 2
3905 4
3906 2
3907 2
3908 2
3909 2
3910 2
3911 2
3912 2
3913 2
3914 3
3915 3
3916 2
3917 3
3918 3
3919 3
3920 2
3921 4
3922 2
3923 3
3924 3
3925 2
3926 2
3927 2
3928 3
3929 1
3930 3
3931 2
3932 1
3933 3
3934 3
3935 3
3936 4
3937 2
3938 1
3939 2
3940 6
3941 2
3942 2
3943 2
3944 3
3945 3
3946 2
3947 2
3948 1
3949 2
3950 2
3951 2
3952 3
3953 1
3954 2
3955 2
3956 3
3957 4
3958 1
3959 3
3960 4
3961 2
3962 1
3963 2
3964 2
3965 2
3966 2
3967 2
3968 2
3969 3
3970 2
3971 2
3972 2
3973 2
3974 2
3975 7
3976 0
3977 0
3978 3
3979 2
3980 3
3981 3
3982 3
3983 3
3984 3
3985 4
3986 2
3987 1
3988 1
3989 2
3990 3
3991 2
3992 2
3993 2
3994 1
3995 4
3996 3
3997 5
3998 2
3999 2
4000 3
4001 3
4002 3
4003 3
4004 2
4005 3
4006 4
4007 2
4008 3
4009 3
4010 4
4011 4
4012 3
4013 1
4014 3
4015 1
4016 3
4017 2
4018 2
4019 3
4020 2
4021 3
4022 2
4023 2
4024 2
4025 2
4026 3
4027 1
4028 2
4029 2
4030 3
4031 3
4032 1
4033 4
4034 4
4035 4
4036 3
4037 3
4038 4
4039 3
4040 3
4041 3
4042 3
4043 2
4044 3
4045 3
4046 2
4047 3
4048 3
4049 3
4050 1
4051 3
4052 3
4053 3
4054 2
4055 3
4056 3
4057 2
4058 2
4059 2
4060 2
4061 3
4062 2
4063 2
4064 3
4065 2
4066 2
4067 2
4068 3
4069 2
4070 3
4071 2
4072 3
4073 2
4074 3
4075 3
4076 1
4077 2
4078 3
4079 2
4080 3
4081 3
4082 3
4083 3
4084 3
4085 1
4086 1
4087 3
4088 3
4089 2
4090 1
4091 2
4092 2
4093 3
4094 2
4095 2
4096 3
4097 4
4098 2
4099 2
4100 1
4101 2
4102 3
4103 1
4104 2
4105 2
4106 3
4107 2
4108 2
4109 2
4110 3
4111 3
4112 2
4113 3
4114 2
4115 3
4116 3
4117 3
4118 4
4119 2
4120 2
4121 2
4122 2
4123 2
4124 3
4125 2
4126 3
4127 2
4128 3
4129 2
4130 2
4131 2
4132 1
4133 3
4134 3
4135 2
4136 3
4137 3
4138 2
4139 4
4140 2
4141 3
4142 2
4143 1
4144 2
4145 3
4146 2
4147 2
4148 3
4149 3
4150 2
4151 2
4152 1
4153 1
4154 1
4155 2
4156 1
4157 1
4158 2
4159 3
4160 1
4161 3
4162 3
4163 4
4164 2
4165 1
4166 2
4167 2
4168 2
4169 2
4170 1
4171 2
4172 4
4173 2
4174 2
4175 2
4176 3
4177 2
4178 3
4179 1
4180 2
4181 2
4182 2
4183 3
4184 2
4185 3
4186 1
4187 3
4188 1
4189 2
4190 2
4191 2
4192 1
4193 2
4194 3
4195 2
4196 2
4197 1
4198 2
4199 2
4200 3
4201 2
4202 2
4203 2
4204 4
4205 2
4206 2
4207 2
4208 2
4209 3
4210 3
4211 2
4212 3
4213 1
4214 3
4215 3
4216 3
4217 1
4218 2
4219 1
4220 2
4221 2
4222 2
4223 1
4224 1
4225 1
4226 2
4227 3
4228 3
4229 3
4230 2
4231 2
4232 3
4233 2
4234 3
4235 2
4236 2
4237 4
4238 2
4239 2
4240 3
4241 2
4242 2
4243 3
4244 3
4245 3
4246 2
4247 3
4248 3
4249 1
4250 5
4251 2
4252 4
4253 1
4254 2
4255 3
4256 3
4257 2
4258 2
4259 2
4260 2
4261 2
4262 3
4263 3
4264 3
4265 3
4266 3
4267 1
4268 2
4269 3
4270 2
4271 3
4272 3
4273 2
4274 2
4275 2
4276 3
4277 2
4278 1
4279 3
4280 2
4281 2
4282 2
4283 1
4284 4
4285 2
4286 3
4287 2
4288 3
4289 2
4290 2
4291 2
4292 2
4293 3
4294 3
4295 2
4296 3
4297 3
4298 2
4299 2
4300 3
4301 2
4302 3
4303 1
4304 3
4305 2
4306 3
4307 3
4308 2
4309 3
4310 2
4311 3
4312 4
4313 2
4314 3
4315 2
4316 1
4317 3
4318 2
4319 2
4320 1
4321 2
4322 2
4323 3
4324 2
4325 3
4326 2
4327 4
4328 2
4329 3
4330 3
4331 4
4332 1
4333 2
4334 3
4335 3
4336 3
4337 3
4338 4
4339 2
4340 2
4341 3
4342 2
4343 4
4344 2
4345 3
4346 2
4347 1
4348 2
4349 3
4350 2
4351 3
4352 4
4353 2
4354 2
4355 5
4356 2
4357 3
4358 2
4359 5
4360 3
4361 2
4362 2
4363 3
4364 4
4365 2
4366 2
4367 2
4368 3
4369 2
4370 4
4371 3
4372 3
4373 2
4374 3
4375 3
4376 3
4377 2
4378 4
4379 4
4380 2
4381 3
4382 2
4383 3
4384 3
4385 3
4386 2
4387 4
4388 1
4389 2
4390 2
4391 2
4392 2
4393 2
4394 3
4395 2
4396 3
4397 2
4398 3
4399 2
4400 3
4401 1
4402 2
4403 2
4404 4
4405 2
4406 2
4407 2
4408 3
4409 1
4410 2
4411 2
4412 2
4413 1
4414 2
4415 3
4416 1
4417 2
4418 2
4419 3
4420 3
4421 3
4422 3
4423 3
4424 3
4425 2
4426 2
4427 2
4428 2
4429 2
4430 2
4431 3
4432 3
4433 4
4434 3
4435 4
4436 3
4437 3
4438 3
4439 4
4440 3
4441 2
4442 2
4443 3
4444 4
4445 3
4446 3
4447 3
4448 3
4449 2
4450 4
4451 3
4452 3
4453 3
4454 2
4455 2
4456 2
4457 3
4458 3
4459 3
4460 2
4461 2
4462 1
4463 3
4464 2
4465 2
4466 2
4467 3
4468 2
4469 1
4470 1
4471 3
4472 3
4473 2
4474 2
4475 2
4476 4
4477 1
4478 2
4479 2
4480 2
4481 3
4482 2
4483 2
4484 2
4485 2
4486 4
4487 1
4488 2
4489 3
4490 3
4491 3
4492 3
4493 3
4494 4
4495 3
4496 2
4497 3
4498 2
4499 2
4500 3
4501 3
4502 2
4503 2
4504 3
4505 3
4506 2
4507 3
4508 1
4509 2
4510 4
4511 3
4512 2
4513 5
4514 3
4515 3
4516 5
4517 2
4518 2
4519 3
4520 3
4521 3
4522 2
4523 2
4524 3
4525 4
4526 2
4527 3
4528 4
4529 4
4530 3
4531 2
4532 2
4533 2
4534 4
4535 3
4536 3
4537 3
4538 3
4539 2
4540 3
4541 3
4542 3
4543 3
4544 3
4545 2
4546 3
4547 3
4548 3
4549 2
4550 2
4551 2
4552 1
4553 3
4554 4
4555 4
4556 2
4557 2
4558 1
4559 3
4560 2
4561 2
4562 3
4563 3
4564 2
4565 2
4566 2
4567 3
4568 2
4569 2
4570 2
4571 3
4572 3
4573 2
4574 2
4575 3
4576 2
4577 3
4578 2
4579 2
4580 2
4581 3
4582 4
4583 3
4584 3
4585 3
4586 3
4587 2
4588 2
4589 3
4590 2
4591 2
4592 2
4593 1
4594 2
4595 3
4596 3
4597 3
4598 3
4599 3
4600 3
4601 4
4602 2
4603 2
4604 2
4605 3
4606 1
4607 3
4608 2
4609 3
4610 1
4611 3
4612 3
4613 1
4614 3
4615 2
4616 2
4617 3
4618 2
4619 3
4620 2
4621 3
4622 4
4623 3
4624 2
4625 2
4626 2
4627 1
4628 1
4629 4
4630 3
4631 3
4632 1
4633 4
4634 5
4635 3
4636 4
4637 2
4638 4
4639 2
4640 2
4641 3
4642 4
4643 2
4644 3
4645 2
4646 2
4647 4
4648 2
4649 2
4650 4
4651 2
4652 4
4653 2
4654 3
4655 3
4656 3
4657 3
4658 3
4659 2
4660 4
4661 5
4662 3
4663 2
4664 4
4665 2
4666 4
4667 3
4668 2
4669 2
4670 2
4671 3
4672 3
4673 2
4674 2
4675 3
4676 5
4677 2
4678 3
4679 2
4680 3
4681 2
4682 4
4683 2
4684 1
4685 4
4686 3
4687 3
4688 2
4689 3
4690 2
4691 2
4692 4
4693 3
4694 2
4695 2
4696 3
4697 3
4698 1
4699 2
4700 3
4701 2
4702 2
4703 2
4704 3
4705 2
4706 3
4707 2
4708 2
4709 2
4710 3
4711 3
4712 4
4713 2
4714 2
4715 3
4716 2
4717 2
4718 2
4719 2
4720 2
4721 2
4722 3
4723 3
4724 3
4725 4
4726 3
4727 3
4728 4
4729 1
4730 3
4731 3
4732 2
4733 2
4734 3
4735 3
4736 4
4737 2
4738 2
4739 4
4740 3
4741 3
4742 5
4743 3
4744 2
4745 2
4746 1
4747 3
4748 2
4749 2
4750 4
4751 2
4752 1
4753 3
4754 3
4755 2
4756 2
4757 3
4758 2
4759 2
4760 2
4761 2
4762 3
4763 3
4764 2
4765 2
4766 3
4767 2
4768 2
4769 3
4770 2
4771 2
4772 3
4773 2
4774 2
4775 3
4776 3
4777 2
4778 2
4779 2
4780 2
4781 3
4782 1
4783 3
4784 3
4785 3
4786 3
4787 2
4788 3
4789 2
4790 3
4791 2
4792 3
4793 2
4794 2
4795 2
4796 2
4797 1
4798 1
4799 3
4800 2
4801 2
4802 2
4803 2
4804 2
4805 3
4806 2
4807 3
4808 2
4809 1
4810 2
4811 1
4812 2
4813 4
4814 2
4815 1
4816 4
4817 2
4818 2
4819 3
4820 2
4821 2
4822 3
4823 3
4824 3
4825 3
4826 2
4827 3
4828 3
4829 3
4830 2
4831 4
4832 3
4833 1
4834 3
4835 3
4836 3
4837 2
4838 2
4839 3
4840 2
4841 3
4842 3
4843 2
4844 3
4845 2
4846 4
4847 2
4848 2
4849 4
4850 2
4851 3
4852 2
4853 3
4854 4
4855 2
4856 2
4857 2
4858 3
4859 3
4860 4
4861 4
4862 2
4863 2
4864 2
4865 3
4866 2
4867 2
4868 2
4869 2
4870 2
4871 2
4872 3
4873 3
4874 3
4875 3
4876 2
4877 3
4878 3
4879 1
4880 4
4881 3
4882 3
4883 3
4884 2
4885 2
4886 3
4887 3
4888 2
4889 3
4890 1
4891 2
4892 2
4893 2
4894 5
4895 2
4896 2
4897 3
4898 2
4899 3
4900 2
4901 2
4902 1
4903 2
4904 2
4905 4
4906 2
4907 2
4908 3
4909 2
4910 2
4911 1
4912 3
4913 4
4914 2
4915 2
4916 3
4917 3
4918 2
4919 3
4920 3
4921 2
4922 4
4923 3
4924 1
4925 3
4926 2
4927 3
4928 2
4929 3
4930 3
4931 2
4932 3
4933 5
4934 3
4935 3
4936 2
4937 1
4938 3
4939 3
4940 2
4941 2
4942 1
4943 2
4944 2
4945 3
4946 3
4947 2
4948 3
4949 4
4950 2
4951 2
4952 2
4953 2
4954 4
4955 4
4956 3
4957 2
4958 3
4959 2
4960 3
4961 2
4962 3
4963 2
4964 3
4965 1
4966 3
4967 2
4968 2
4969 3
4970 4
4971 2
4972 3
4973 3
4974 3
4975 4
4976 4
4977 2
4978 2
4979 3
4980 3
4981 2
4982 3
4983 2
4984 2
4985 2
4986 2
4987 3
4988 2
4989 4
4990 4
4991 1
4992 3
4993 3
4994 4
4995 3
4996 3
4997 3
4998 1
4999 3
5000 2
5001 3
5002 3
5003 2
5004 4
5005 2
5006 3
5007 4
5008 4
5009 2
5010 3
5011 3
5012 2
5013 2
5014 4
5015 3
5016 2
5017 2
5018 3
5019 3
5020 4
5021 2
5022 1
5023 2
5024 2
5025 3
5026 4
5027 2
5028 3
5029 4
5030 2
5031 2
5032 3
5033 2
5034 3
5035 3
5036 2
5037 2
5038 2
5039 3
5040 2
5041 2
5042 2
5043 4
5044 2
5045 2
5046 3
5047 3
5048 3
5049 2
5050 3
5051 2
5052 2
5053 2
5054 4
5055 3
5056 2
5057 2
5058 3
5059 3
5060 3
5061 2
5062 1
5063 3
5064 2
5065 2
5066 3
5067 2
5068 3
5069 2
5070 4
5071 3
5072 4
5073 2
5074 2
5075 3
5076 3
5077 3
5078 3
5079 3
5080 3
5081 3
5082 1
5083 1
5084 4
5085 2
5086 2
5087 3
5088 2
5089 3
5090 2
5091 3
5092 3
5093 2
5094 3
5095 2
5096 3
5097 3
5098 2
5099 3
5100 3
5101 2
5102 3
5103 2
5104 2
5105 2
5106 2
5107 2
5108 3
5109 2
5110 2
5111 1
5112 3
5113 3
5114 3
5115 5
5116 3
5117 2
5118 4
5119 4
5120 3
5121 3
5122 4
5123 2
5124 4
5125 3
5126 2
5127 3
5128 3
5129 2
5130 2
5131 2
5132 4
5133 2
5134 3
5135 3
5136 3
5137 3
5138 2
5139 4
5140 2
5141 4
5142 2
5143 2
5144 3
5145 2
5146 3
5147 4
5148 2
5149 2
5150 4
5151 2
5152 2
5153 2
5154 3
5155 3
5156 2
5157 3
5158 3
5159 2
5160 2
5161 2
5162 2
5163 3
5164 3
5165 2
5166 2
5167 2
5168 2
5169 3
5170 4
5171 2
5172 4
5173 2
5174 2
5175 2
5176 3
5177 4
5178 2
5179 3
5180 5
5181 2
5182 3
5183 2
5184 2
5185 2
5186 3
5187 3
5188 1
5189 3
5190 2
5191 3
5192 2
5193 2
5194 1
5195 4
5196 2
5197 2
5198 3
5199 2
5200 1
5201 2
5202 4
5203 5
5204 4
5205 3
5206 3
5207 3
5208 3
5209 2
5210 2
5211 3
5212 2
5213 3
5214 2
5215 3
5216 2
5217 4
5218 3
5219 4
5220 2
5221 3
5222 2
5223 3
5224 2
5225 3
5226 4
5227 3
5228 2
5229 2
5230 3
5231 3
5232 2
5233 3
5234 2
5235 3
5236 3
5237 4
5238 4
5239 4
5240 4
5241 3
5242 2
5243 3
5244 2
5245 3
5246 2
5247 2
5248 4
5249 2
5250 3
5251 3
5252 2
5253 4
5254 3
5255 3
5256 2
5257 2
5258 2
5259 2
5260 2
5261 3
5262 2
5263 3
5264 2
5265 4
5266 2
5267 2
5268 2
5269 4
5270 2
5271 3
5272 2
5273 4
5274 3
5275 2
5276 2
5277 2
5278 3
5279 3
5280 4
5281 4
5282 2
5283 4
5284 2
5285 4
5286 3
5287 2
5288 2
5289 2
5290 4
5291 3
5292 3
5293 2
5294 2
5295 1
5296 3
5297 4
5298 1
5299 2
5300 3
5301 3
5302 2
5303 3
5304 2
5305 3
5306 2
5307 2
5308 2
5309 2
5310 4
5311 1
5312 2
5313 4
5314 2
5315 3
5316 2
5317 3
5318 2
5319 2
5320 3
5321 2
5322 2
5323 2
5324 3
5325 3
5326 2
5327 2
5328 2
5329 1
5330 4
5331 2
5332 4
5333 2
5334 2
5335 1
5336 3
5337 3
5338 1
5339 2
5340 2
5341 2
5342 3
5343 2
5344 2
5345 5
5346 2
5347 2
5348 4
5349 2
5350 3
5351 3
5352 4
5353 2
5354 2
5355 3
5356 2
5357 3
5358 2
5359 2
5360 3
5361 2
5362 2
5363 2
5364 2
5365 2
5366 3
5367 2
5368 2
5369 3
5370 3
5371 2
5372 3
5373 3
5374 3
5375 3
5376 2
5377 2
5378 2
5379 3
5380 2
5381 3
5382 3
5383 2
5384 2
5385 2
5386 2
5387 3
5388 3
5389 2
5390 2
5391 3
5392 1
5393 0
5394 1
5395 3
5396 2
5397 4
5398 3
5399 2
5400 4
5401 3
5402 2
5403 2
5404 2
5405 3
5406 2
5407 2
5408 4
5409 3
5410 3
5411 4
5412 2
5413 3
5414 4
5415 3
5416 2
5417 2
5418 1
5419 1
5420 3
5421 4
5422 2
5423 2
5424 3
5425 1
5426 2
5427 3
5428 3
5429 1
5430 2
5431 2
5432 1
5433 1
5434 2
5435 2
5436 3
5437 2
5438 2
5439 3
5440 3
5441 1
5442 2
5443 2
5444 3
5445 1
5446 2
5447 2
5448 4
5449 3
5450 3
5451 3
5452 2
5453 2
5454 2
5455 2
5456 3
5457 3
5458 2
5459 3
5460 3
5461 2
5462 1
5463 4
5464 2
5465 2
5466 4
5467 2
5468 2
5469 4
5470 3
5471 3
5472 3
5473 2
5474 2
5475 2
5476 2
5477 2
5478 2
5479 2
5480 2
5481 3
5482 2
5483 2
5484 2
5485 4
5486 2
5487 3
5488 2
5489 2
5490 2
5491 3
5492 2
5493 3
5494 3
5495 3
5496 2
5497 3
5498 3
5499 2
5500 1
5501 3
5502 4
5503 2
5504 2
5505 2
5506 4
5507 4
5508 2
5509 2
5510 4
5511 3
5512 3
5513 3
5514 4
5515 3
5516 3
5517 3
5518 3
5519 3
5520 2
5521 2
5522 4
5523 2
5524 2
5525 5
5526 3
5527 3
5528 2
5529 2
5530 3
5531 3
5532 2
5533 3
5534 2
5535 4
5536 2
5537 2
5538 2
5539 2
5540 3
5541 3
5542 5
5543 4
5544 3
5545 2
5546 2
5547 2
5548 3
5549 3
5550 3
5551 1
5552 2
5553 3
5554 2
5555 3
5556 3
5557 2
5558 3
5559 2
5560 2
5561 3
5562 3
5563 2
5564 4
5565 2
5566 2
5567 2
5568 4
5569 4
5570 3
5571 3
5572 3
5573 3
5574 3
5575 3
5576 3
5577 3
5578 3
5579 3
5580 3
5581 2
5582 2
5583 2
5584 3
5585 2
5586 3
5587 4
5588 2
5589 1
5590 3
5591 3
5592 3
5593 4
5594 4
5595 2
5596 2
5597 3
5598 2
5599 2
5600 4
5601 3
5602 2
5603 3
5604 2
5605 3
5606 2
5607 3
5608 2
5609 4
5610 2
5611 3
5612 2
5613 2
5614 3
5615 3
5616 3
5617 3
5618 4
5619 2
5620 2
5621 2
5622 2
5623 3
5624 3
5625 2
5626 2
5627 2
5628 5
5629 2
5630 4
5631 3
5632 4
5633 2
5634 2
5635 4
5636 3
5637 2
5638 2
5639 2
5640 3
5641 3
5642 3
5643 1
5644 3
5645 3
5646 4
5647 1
5648 2
5649 3
5650 4
5651 2
5652 3
5653 2
5654 2
5655 2
5656 4
5657 3
5658 3
5659 1
5660 2
5661 3
5662 3
5663 3
5664 3
5665 2
5666 4
5667 3
5668 3
5669 3
5670 2
5671 2
5672 2
5673 4
5674 3
5675 3
5676 4
5677 4
5678 2
5679 3
5680 5
5681 2
5682 2
5683 4
5684 4
5685 3
5686 3
5687 1
5688 3
5689 2
5690 4
5691 4
5692 1
5693 4
5694 2
5695 2
5696 4
5697 3
5698 3
5699 2
5700 3
5701 2
5702 3
5703 2
5704 2
5705 2
5706 2
5707 3
5708 3
5709 2
5710 2
5711 3
5712 3
5713 4
5714 2
5715 3
5716 5
5717 2
5718 3
5719 4
5720 1
5721 2
5722 2
5723 2
5724 2
5725 3
5726 1
5727 2
5728 2
5729 3
5730 2
5731 3
5732 4
5733 3
5734 3
5735 2
5736 3
5737 3
5738 2
5739 2
5740 4
5741 2
5742 1
5743 1
5744 2
5745 3
5746 3
5747 2
5748 3
5749 2
;