param : syllabes : mot nb_syllabes :=
# numero_mot nb_syllabes
691 2
5753 2
4219 2
612 2
1024 3
1335 3
3390 3
2796 4
4072 2
5760 2
4306 3
3970 3
3044 3
4542 3
3624 2
3026 2
5170 2
5469 1
2041 2
3054 2
1467 2
5422 3
14 0
1139 0
2289 3
1959 0
6140 2
29 1
1058 0
90 0
25 0
764 0
95 0
509 1
259 0
617 2
273 0
1179 4
181 0
258 0
1502 3
6322 2
68 0
3274 2
4608 1
69 1
2519 0
1090 1
383 1
290 1
371 4
4865 3
4931 2
6014 2
3481 2
5233 4
4362 2
2714 2
4718 1
5184 2
4495 3
596 4
5604 2
5243 3
3915 2
543 2
1746 3
3662 2
1614 2
52 1
2080 2
5902 1
6285 2
3271 3
4734 2
4687 2
5287 2
1435 2
3500 4
1578 3
1269 3
6179 2
3295 2
1697 3
1252 3
4946 2
210 2
1783 4
6399 1
4369 2
2851 3
2189 2
1666 3
3723 2
1886 2
494 3
1547 3
1302 2
6139 4
5526 3
6246 2
3900 1
2301 2
5381 3
4919 3
943 2
1305 1
6405 4
2444 1
1704 2
3882 2
4478 3
3243 4
6357 4
5977 3
1499 1
4947 4
5320 2
2448 1
717 3
2149 2
5286 3
2155 2
465 2
6598 3
968 2
4280 2
1955 1
4916 2
2376 3
5473 1
3264 3
4358 2
128 3
6313 5
3368 3
2597 2
1617 3
582 2
2566 2
1758 2
3956 2
4839 3
5761 3
2571 3
1520 3
6552 2
5701 3
6089 3
6143 2
4982 2
5207 3
1235 4
4729 2
684 3
4768 2
2633 3
2954 3
2484 3
4293 4
1975 4
2123 2
5310 2
2668 2
2638 1
4837 2
5319 3
2378 2
1819 2
1663 3
264 2
4711 1
6603 4
3066 3
1688 3
6254 3
2051 3
4376 3
5907 2
4241 2
2617 2
526 2
2425 2
3704 1
4753 3
5029 2
3603 2
4993 2
4501 2
1433 3
4386 4
4394 2
4935 3
6030 2
326 2
2203 2
1069 3
4321 1
4363 2
6164 1
3958 1
4804 3
1870 1
1091 1
1304 2
4761 3
3382 2
3479 2
936 2
5814 4
436 2
3450 2
1773 1
2330 5
5442 3
215 1
3545 3
2713 4
653 3
4412 3
476 4
2815 2
4898 2
3564 2
5681 2
4655 2
5200 3
5435 2
481 4
4870 2
93 3
1840 2
429 3
3402 2
6388 2
6573 2
2674 3
4350 3
3783 2
3568 3
4815 2
4059 4
4464 5
4594 1
998 1
4397 2
2692 4
2938 2
3374 2
5588 2
4343 2
4674 2
1590 2
2137 2
6605 2
5163 2
137 4
2939 3
5132 2
5579 4
24 2
4770 2
4220 2
2380 2
5079 3
4190 3
6007 2
5188 2
6017 3
663 2
6251 1
5557 3
2838 2
2331 2
3241 3
3222 3
2606 3
1421 2
1619 4
1606 2
3735 2
5973 3
1504 4
3171 2
5906 2
4511 2
2459 3
2644 2
3776 2
4548 2
3935 3
3049 2
4941 4
5791 2
4473 5
2950 1
2525 4
4401 2
1640 2
670 2
1612 2
5796 4
4045 3
2394 4
4170 3
2364 3
4447 3
5972 1
4493 2
4205 3
1843 2
2892 2
4534 2
4907 1
3443 2
2161 3
1642 2
214 3
5566 2
3620 2
4268 3
925 1
4200 2
1361 2
2206 1
485 2
311 1
1737 2
3453 4
5775 2
5821 2
1713 3
3460 3
771 3
5395 2
1065 3
3684 3
4332 2
4912 3
4794 2
423 2
5229 4
3214 3
6524 2
3553 2
3942 2
4402 3
1677 3
3715 4
1267 1
148 2
1455 2
218 2
2354 2
3887 2
2500 2
1438 3
5607 2
5380 2
5619 3
4316 2
6263 3
5032 4
2509 2
3528 2
5984 2
1380 2
3427 3
3779 2
323 3
1863 3
4334 3
246 3
957 2
5129 3
1591 3
5177 3
1839 3
6112 1
2868 1
4385 2
4407 3
343 4
6269 2
1771 1
99 2
3959 2
2475 3
3134 3
6600 2
2607 3
6317 2
428 3
1009 2
208 2
1371 3
5085 2
6249 3
5453 2
3225 2
4269 2
749 3
3357 2
1605 3
4663 3
1800 3
762 2
3699 3
3047 3
2516 2
6513 2
3947 2
938 2
4747 5
5822 2
3862 2
5755 2
5084 2
1244 4
607 3
3221 4
4052 3
1868 1
996 3
715 4
3598 1
4441 3
3653 2
382 2
3986 2
145 3
5582 2
815 3
6303 4
1789 2
1193 2
2108 2
2398 3
1989 3
3955 1
3381 2
6046 3
5897 2
3912 2
3632 2
1799 1
1390 3
2029 3
6213 3
5317 2
4016 3
184 2
4405 4
6515 3
4850 3
6635 2
3313 2
4437 2
4311 2
4487 2
1823 4
72 2
6370 4
4781 2
2002 2
5559 4
1962 2
4533 2
5274 3
6653 2
3097 2
1927 2
3711 1
386 1
3614 3
5498 2
4715 5
2317 3
6299 1
3040 3
2807 4
4554 3
3236 2
3096 1
1919 1
5556 3
6530 3
6364 2
271 1
5097 2
1915 2
6529 2
5995 2
461 2
4101 2
1319 3
3696 2
5226 4
67 1
6051 2
2107 1
3537 2
3420 2
3057 2
4075 7
2238 2
4389 2
813 2
6449 2
2570 2
5305 2
37 2
6047 4
1732 3
6368 3
6204 2
3139 3
5396 3
3611 1
2105 2
3980 3
5531 3
4083 1
1976 2
5486 2
176 3
337 1
5845 3
5100 3
1508 1
2647 2
348 2
2751 2
874 2
5098 2
2723 3
3811 2
2337 2
3848 3
5880 2
2973 2
390 2
597 4
365 2
3875 2
1078 3
5518 3
3449 2
6542 2
1814 3
5828 2
3801 2
2866 1
2840 2
3141 3
6480 3
3432 3
2269 2
2739 2
3523 1
2366 1
5750 2
683 2
3392 5
4936 2
5372 3
1262 4
3566 3
2790 2
3717 4
6253 4
1722 2
245 1
3045 2
2453 2
357 3
2601 2
261 1
1140 3
3366 3
2754 2
548 1
15 2
4513 5
4633 2
6335 3
5398 1
182 2
2000 2
4180 3
1022 2
2135 2
2952 2
3397 3
3005 3
394 1
6071 4
5425 3
3906 2
4701 1
5003 3
2237 1
3161 2
1893 2
650 4
4662 4
3659 2
4609 2
5294 2
2923 2
2653 3
1855 3
3617 2
5412 4
1828 2
1118 4
5023 3
5109 3
6155 3
4323 1
6658 1
4191 4
2769 2
573 2
2859 2
5361 3
821 2
5476 2
6430 2
2802 1
4868 3
2711 4
1842 1
2450 1
1560 2
97 3
6471 2
2797 3
4222 3
1188 3
4643 2
2423 2
1561 5
6015 2
6652 3
3257 2
6440 5
2432 3
6385 2
3166 4
3871 2
5487 3
983 1
4629 2
716 1
3839 2
667 3
3413 2
5302 3
5121 2
6387 4
4650 2
5892 2
5020 3
1189 3
2212 3
504 2
1219 2
4814 2
5210 2
1068 2
1472 2
3207 3
11 2
4892 2
3510 2
1803 4
6620 2
3730 3
5312 2
3541 3
1210 3
4844 3
1418 3
533 2
2886 2
1966 3
2232 2
1471 2
4901 4
3205 3
4721 2
4240 1
2620 2
1345 3
3602 2
2909 4
5127 2
4058 2
502 2
1425 3
1110 3
3186 2
1601 2
845 2
4992 3
3505 1
3200 2
4593 3
1639 4
2242 3
447 3
5703 3
2136 3
939 2
5749 4
4440 3
3501 3
3749 2
4676 2
2257 2
1930 2
4341 2
3387 3
4425 2
1218 2
1711 3
1858 2
1611 2
6651 3
1268 2
5122 3
5708 2
5770 3
3261 3
4630 2
2493 2
3470 2
2490 4
2417 1
1102 2
3106 3
1569 5
855 1
4445 1
353 1
1039 2
1943 3
1787 1
351 2
576 3
5124 3
3391 2
5943 2
6211 1
697 1
5944 2
6338 4
4521 4
31 2
4086 1
1517 2
2902 2
109 3
2478 3
5193 3
672 2
2026 3
5237 3
6208 2
3478 2
5331 4
541 1
2092 2
753 1
5783 2
2272 2
3461 1
3832 1
2273 3
433 2
1246 3
5807 3
6367 2
733 2
1462 2
1752 2
4671 2
3136 3
3983 3
3137 1
3414 3
995 2
6343 5
2999 2
6240 4
2433 3
5390 2
819 2
1266 4
3130 2
2920 2
4506 2
4204 2
843 1
2565 2
30 2
897 3
3256 2
1559 4
4640 3
2144 3
2168 1
1150 3
5616 2
5406 2
407 3
1794 1
1141 3
2960 3
3195 4
659 4
4442 3
678 2
2656 2
2452 3
1439 3
3556 2
3283 2
4953 2
1845 2
2587 2
5696 3
3405 3
6608 2
4780 3
5264 3
5672 3
857 1
115 1
3552 3
4869 2
905 2
4622 2
2010 2
5678 3
4840 2
126 2
2594 3
2965 3
3050 3
4130 4
297 1
1240 3
6165 1
2482 4
1448 1
4888 2
1937 2
718 1
6283 2
1681 2
1836 2
2775 3
738 3
4786 3
1355 1
3633 3
1585 2
5940 2
350 3
4894 2
5095 3
1875 3
2864 2
2428 3
118 2
6457 3
935 1
3745 2
142 2
3071 3
4410 2
3410 2
3943 4
2564 1
5786 1
552 2
1081 1
1806 2
2659 1
2655 1
1440 2
4094 2
5976 3
2264 3
6078 2
4378 2
5869 3
2099 1
5269 3
5182 1
4759 4
247 3
473 2
1000 2
896 2
6064 2
986 2
236 2
1655 3
6485 3
3640 3
6186 2
6568 3
4833 1
5338 2
4939 3
505 3
480 2
4875 2
3707 1
4802 3
5444 2
6291 3
5900 3
1613 3
125 1
2292 2
4782 2
389 1
1149 3
2365 4
123 1
6180 2
2715 1
3476 1
1103 2
2284 1
4017 2
6002 3
699 2
6353 2
5865 4
58 1
77 1
397 2
1498 1
3760 1
1580 2
1013 1
2551 3
1587 2
6645 3
2283 2
298 2
3093 2
4133 1
4417 2
4742 2
3148 3
2877 2
6560 2
5810 3
693 3
6044 3
2632 2
3411 1
1589 2
5606 3
22 2
2194 2
2112 2
3964 2
4454 3
842 2
4021 4
5597 2
1275 3
4535 4
6443 2
1551 3
3418 2
5292 2
5614 2
1292 3
2811 2
2867 2
4809 3
6360 2
1984 2
5253 3
3322 3
3165 3
881 2
5542 2
919 1
6069 2
387 1
6146 2
1759 3
4924 2
5896 2
2614 3
83 1
786 2
4175 3
593 3
2271 2
5823 2
484 2
2063 2
1042 2
3133 1
190 1
5919 3
5056 1
775 1
6371 1
2985 1
430 3
6508 3
4187 2
3168 3
571 2
744 3
4769 4
1256 1
4577 3
3708 3
4286 2
5052 2
2062 2
5935 2
3613 1
2245 2
5499 3
1060 2
2011 2
1861 2
4157 3
4567 2
1236 4
4530 3
2146 2
4148 3
5548 3
1020 2
5081 3
1003 2
1169 1
32 1
6085 5
5725 2
5780 4
4461 2
3176 2
3361 2
4647 3
2552 3
35 1
2451 1
3078 3
6082 3
2710 2
2300 2
5196 2
4179 2
5843 2
3578 2
3863 3
4388 3
279 1
3921 3
2311 1
3037 1
6580 3
6562 3
314 1
4669 3
655 2
3076 2
2891 2
1261 2
226 3
3580 2
4278 2
5660 2
6556 2
5790 2
2635 1
3204 2
4848 1
2294 5
566 3
1998 1
187 1
4492 2
2786 3
2943 1
1324 2
4672 2
1586 3
5974 3
1719 2
6398 3
91 1
3425 2
2429 3
6131 3
2464 2
824 1
2071 2
5833 2
4439 2
470 1
4641 3
917 3
4116 2
5234 3
5914 3
6517 4
6326 3
2521 1
2228 3
108 1
359 1
2477 2
540 3
3116 3
81 3
3987 3
6474 2
5536 2
2742 4
3531 3
3588 1
1263 3
5166 3
13 1
1987 4
392 1
2114 3
807 2
313 1
6212 1
3635 2
403 1
5479 2
2435 1
6159 4
4627 4
4864 2
1366 3
419 1
2545 3
1035 3
3925 3
1968 1
169 1
2707 2
5118 2
1019 4
2291 3
1379 2
6642 3
6049 2
4047 2
6409 3
4249 2
3990 2
1475 2
4063 4
3993 1
4197 3
2936 2
379 2
870 2
927 2
3533 2
661 2
3321 2
3507 2
5365 2
243 1
410 2
56 1
4581 3
4904 2
4261 2
1953 3
1596 4
1552 3
2253 2
3173 2
3669 2
3726 3
4841 3
4997 4
38 1
1997 2
833 1
828 2
725 2
2357 3
3051 2
6067 3
1403 3
2115 3
1701 3
426 1
4713 2
5039 2
3903 3
1098 2
6412 2
959 3
4008 3
3217 3
8 1
395 2
6127 4
1963 2
5036 2
2165 2
1972 3
4155 2
811 2
289 1
3877 3
4096 5
3028 2
5341 2
6332 2
976 2
3064 4
2848 5
5986 1
853 1
1461 3
4968 3
6655 3
5369 1
3706 2
1957 1
4262 1
196 3
2706 2
5905 3
1213 2
4290 4
3324 3
6481 1
4587 2
3215 3
1129 2
2424 2
1884 3
3182 1
3672 2
2191 2
1912 3
346 2
2360 2
6107 3
750 2
2329 2
1958 3
5889 1
87 1
2849 2
3866 4
6518 2
5656 2
1739 2
4007 3
3991 1
3439 3
5440 3
1460 2
3539 2
1683 2
1294 1
5105 1
3960 3
3146 3
227 3
3909 2
3775 3
4124 2
3323 3
4029 2
5904 3
1841 1
658 2
1623 1
5071 1
294 1
1782 3
1991 1
27 1
1037 2
2156 2
1040 2
1044 3
5517 2
7 1
1176 2
4466 4
2124 2
5744 2
2420 1
54 2
334 1
6325 2
1018 2
2473 2
4147 2
1138 2
2752 3
3807 3
5403 2
6150 2
2197 2
3697 2
5140 3
5064 3
3732 2
950 2
5648 2
4109 2
4736 2
3833 2
3034 3
516 1
602 2
5044 2
883 2
285 1
6040 3
5590 2
4468 4
5554 4
4757 2
4871 1
6578 2
1484 2
6548 2
4041 3
4229 2
6045 2
3152 4
3773 3
3597 3
2729 2
3534 3
255 1
5149 4
1620 4
188 2
6157 2
856 3
4670 1
4091 2
2918 2
5414 2
6588 3
5131 2
3714 2
5535 2
930 2
4706 3
6043 2
5001 2
408 2
4957 2
1253 2
1400 2
4656 2
5702 2
3634 2
6648 3
2975 2
1436 4
4458 1
4348 1
1548 1
63 2
6199 4
5617 2
5080 3
5297 3
2285 3
5424 2
5923 4
1898 2
2562 6
1940 3
5 3
2957 2
6386 2
4174 3
4347 3
6375 2
6093 2
127 4
2345 2
4092 2
5990 2
1300 2
2670 3
2310 2
3462 3
2847 2
4173 2
5472 4
5997 2
5815 3
4552 2
5578 2
918 2
4773 2
2804 2
608 1
6337 2
2396 3
129 2
1005 3
4384 3
3421 2
6511 1
532 2
6550 3
2468 1
1501 2
96 2
2527 3
2007 2
4050 3
6218 5
321 2
735 2
1478 3
5837 2
4239 2
2120 1
48 2
2158 2
4502 3
5858 1
3294 4
5726 2
177 2
4068 2
43 1
2930 2
2583 2
2683 5
2787 3
3968 3
3639 1
6421 2
4314 2
1608 3
6452 5
6238 3
452 1
5878 2
4390 4
6163 3
4827 3
4962 2
4132 3
1011 1
4315 3
6453 3
2261 2
3649 3
5120 4
1183 6
875 2
2185 2
5008 2
6473 4
6217 3
3305 1
1827 2
173 3
3628 3
6252 2
2789 2
2039 3
2479 4
5978 2
5465 2
4933 2
6403 4
299 1
3486 2
1291 2
1303 2
497 2
4932 2
6466 2
4448 3
1336 2
3471 2
2443 2
777 1
5642 2
347 1
3577 2
2762 2
5051 2
5528 2
2544 3
818 2
312 3
3763 3
5005 3
2896 4
3269 3
4456 2
4911 3
6004 2
3646 3
4054 3
5666 4
4694 2
360 2
4784 2
892 2
942 2
1339 2
2302 3
6305 1
3240 4
20 2
4845 2
4788 3
6495 3
6166 1
6331 2
2496 1
3610 1
3169 3
4646 1
5370 3
5240 2
4760 3
4979 2
6230 2
1097 2
5728 1
2596 3
5143 3
5706 4
2436 1
4603 2
5198 2
6063 3
2615 5
1577 3
817 3
6023 2
3102 3
3437 2
2244 2
2017 2
9 2
588 2
165 2
634 2
2591 3
2974 2
4852 3
2176 2
1735 1
116 2
1126 1
4228 2
2914 2
2040 2
1515 3
3053 2
2574 3
4978 2
3899 3
4834 2
1093 2
4245 3
2805 3
4117 2
4988 3
757 1
2982 3
4411 2
2871 3
2765 2
209 2
5187 2
3208 3
4623 1
1177 3
6116 2
5538 3
460 3
3108 3
3189 1
3805 2
578 3
1707 2
1696 3
3686 2
1538 1
2657 2
4792 2
1848 2
2148 2
6621 3
4649 1
904 1
328 1
163 1
3754 3
6341 2
4081 1
1544 2
1279 1
5461 3
969 3
1493 2
4611 3
4723 3
3923 2
5060 2
6161 2
3091 3
2395 2
3755 1
2953 2
2828 2
4575 1
579 2
4182 3
4666 2
4739 3
6422 2
6614 2
2695 4
1483 3
3344 2
4879 2
1280 3
931 3
4658 2
5318 2
4948 3
4949 2
6295 2
4271 2
5421 2
4882 3
3126 2
5520 2
263 1
5488 3
6225 3
2381 3
671 2
6258 3
98 3
2466 2
5801 2
2774 3
5189 2
631 3
1084 2
4942 5
1255 2
5399 2
5502 2
1276 2
5836 3
3938 3
6237 2
2358 2
6108 3
439 2
2076 4
6585 3
5799 4
651 2
1519 2
6307 3
5685 2
2059 3
304 2
550 2
5691 2
6226 2
2991 3
2941 3
963 2
3060 2
5086 2
3497 5
1540 2
5087 3
2651 2
637 3
4690 3
3063 2
2567 2
3722 3
6323 3
380 3
3590 4
1775 3
1996 2
2959 2
1607 2
729 2
5886 3
3836 3
6523 2
2190 2
3984 4
3951 3
2171 2
5668 2
219 4
3819 2
5010 2
4525 4
5171 3
5211 3
2431 2
5329 2
5174 4
2515 3
5515 2
2978 2
3846 2
4733 3
5512 2
2145 2
3238 2
2687 3
1920 2
6607 3
168 2
3281 2
3235 2
4976 3
5454 2
6037 2
545 4
3105 3
5299 4
6354 3
3821 2
4446 2
2944 2
1693 1
2243 2
1367 2
5236 3
2592 3
2823 4
296 2
1320 2
6148 2
2627 2
2990 3
656 2
1610 2
4930 2
5152 2
5410 3
1352 2
4959 2
2538 2
5323 3
3787 2
613 2
4596 2
5179 4
3444 2
6623 2
1405 2
4648 2
3532 2
1533 2
2172 3
6416 3
2487 3
5309 2
4516 5
4555 2
6119 3
1290 5
3651 2
5988 2
2764 2
1979 2
1934 2
3438 2
4929 3
3829 2
1257 2
1281 2
3830 1
4722 3
2622 3
2876 3
6631 3
464 3
1513 1
6596 3
3303 2
2256 2
5296 3
2684 5
3129 3
5600 3
3581 2
6084 3
5912 3
2019 2
4108 2
2012 2
3926 2
1999 2
3113 4
3223 2
1726 2
3795 2
6377 2
4272 2
3794 3
3327 2
2246 3
5016 3
3647 3
3089 2
4352 3
1992 3
5034 2
5067 3
4856 2
1536 3
5618 3
1382 1
5511 3
4333 1
5954 3
1702 3
4602 3
1318 3
5885 2
2409 2
2089 2
3631 1
2400 2
2721 2
2159 2
2712 2
2623 2
3712 2
60 2
1311 2
3762 2
6547 3
6223 3
1066 2
5792 1
2716 5
4991 3
5218 1
5936 3
6154 2
3676 2
5401 2
3138 1
388 2
3559 1
6509 3
5263 4
1398 2
6383 4
3117 3
1325 3
5901 3
5062 3
1615 2
1338 3
2003 4
2046 3
2543 2
1558 2
5304 2
3408 3
3896 2
2530 2
172 2
2293 2
5730 2
754 2
4043 4
6013 3
4046 2
1877 3
2387 3
3778 2
4964 3
3725 3
4797 2
6587 3
3638 2
6042 0
4488 2
3181 3
5382 2
3178 3
2987 2
4877 1
3013 3
1480 2
886 2
1343 1
859 2
6272 2
5481 2
6582 4
2274 3
5870 3
5450 3
5441 3
4270 2
186 2
586 4
2349 2
5959 2
1539 3
1220 2
260 3
488 3
1650 3
5933 4
6478 2
2555 2
4803 2
1373 3
277 2
852 2
660 2
36 2
4703 2
4006 2
5267 2
6462 3
6324 3
3247 4
4955 2
3358 2
3400 2
1622 3
5126 2
5532 2
1397 2
4042 3
4273 1
5709 2
2125 3
6106 3
1178 3
1531 1
2726 2
1308 2
5711 3
846 1
3216 2
5650 2
455 1
4710 1
1523 3
5337 3
1503 1
6514 2
78 2
4899 2
391 2
3758 2
932 2
6546 4
4550 3
4056 3
5497 2
6520 2
1625 3
5366 2
575 3
2720 3
792 2
5540 2
2016 1
1844 2
3679 2
4707 2
2456 4
4032 2
3904 2
3059 2
4087 3
2326 4
5496 3
510 2
517 2
6374 5
2182 3
3721 3
4816 2
2411 3
5289 3
2470 3
826 2
2426 2
4876 2
4467 3
3456 2
5872 3
4158 2
5037 3
6083 2
4166 4
4253 3
2250 2
5355 2
6363 2
3293 3
844 1
761 3
4057 2
4645 2
5392 3
5245 3
975 2
3480 5
6176 3
1161 3
5764 4
6470 2
3911 2
5713 3
3170 2
3948 3
4053 2
6041 4
2102 2
3183 3
4396 4
4098 4
2681 1
6123 2
2517 1
4300 3
2457 3
3902 3
2743 1
50 4
1160 4
2593 4
3375 4
1755 2
1162 2
6183 2
2518 3
6184 1
3158 3
525 2
6284 2
5758 1
1829 2
4616 3
891 2
1130 3
5391 3
4236 4
3010 4
5985 3
4275 2
6355 3
2157 2
1259 1
5433 2
3572 3
1099 2
3153 2
2983 3
4541 3
2831 2
336 1
1599 3
3729 2
4221 3
3107 2
1744 2
501 1
150 3
1278 3
1116 2
6407 1
4818 3
237 2
1391 4
1935 2
3966 3
4989 3
5456 3
3302 2
3847 2
3837 2
5591 2
6245 2
4064 3
1597 2
385 2
574 1
1112 1
5048 2
3038 3
2955 3
2024 2
4438 3
6551 4
4749 2
5117 2
1896 2
1804 1
5238 1
5527 2
5769 4
3451 3
1512 1
3143 1
4226 1
3430 3
2008 2
745 2
2693 2
3250 2
1743 3
1008 2
2488 2
3660 2
40 1
5209 2
5646 3
5626 3
6656 4
3642 1
1921 3
1949 5
681 3
5316 2
3233 5
4981 2
5146 2
5732 2
5247 2
5824 2
6619 3
2961 2
393 1
787 1
2392 1
3997 2
5261 1
908 1
5743 2
4651 2
6602 2
6391 3
2901 2
5570 2
615 1
332 1
5893 3
614 2
3892 4
3818 1
2097 2
1174 2
3502 2
1624 3
3150 3
3733 2
4233 3
6111 5
194 1
3891 3
5150 3
3748 1
3913 2
5173 2
2533 2
5529 1
486 2
885 2
338 1
3343 3
3111 2
3031 3
6327 3
3824 2
4403 3
2321 3
4186 3
6445 3
1871 2
5615 4
6500 4
2795 2
437 1
5524 2
3544 2
997 1
3112 3
4160 3
239 2
5659 2
3285 2
84 1
356 2
767 3
1006 2
6133 4
4014 2
4683 3
1142 4
2341 2
1904 3
5383 4
1232 4
709 1
2044 3
4281 2
724 3
1047 2
4878 2
1221 2
4486 2
5201 4
2792 2
5125 2
16 1
5523 1
2230 2
2213 2
3752 1
3764 1
4177 3
202 1
3508 2
1134 3
1537 4
1212 2
4636 3
6565 2
3067 3
4238 5
253 3
4214 3
2385 2
4476 2
809 1
2945 2
830 1
6121 2
5197 2
5924 3
6130 3
3930 2
5321 2
2873 3
4206 3
6506 2
1527 3
5108 3
3485 3
1190 3
1332 2
5069 2
2251 2
2510 2
3576 4
698 2
3690 3
3061 2
2259 3
4527 1
3744 3
4138 2
2883 3
627 2
3600 2
4908 2
5898 2
1426 3
647 3
3104 2
4257 3
6275 2
3524 3
966 1
6611 3
4013 2
5356 2
1822 2
1785 1
1111 1
5266 2
1362 2
1532 2
1535 4
6433 2
3001 2
4125 2
5259 4
3058 3
454 5
6356 3
5589 4
5214 4
3810 3
3851 1
1686 1
6028 3
291 1
3719 3
5280 2
361 2
2856 2
4724 1
5825 3
5654 3
3550 1
1173 3
5291 3
920 2
981 1
2778 1
4776 2
5452 1
6465 2
780 3
1145 2
5430 2
849 2
19 1
1388 3
2442 2
3422 3
5583 2
4500 3
3384 2
5373 2
2608 3
4450 2
1985 2
5690 2
618 3
6390 4
1659 3
1468 2
6555 2
1316 2
3953 3
3280 2
6110 2
4153 2
2819 3
2192 2
1327 3
6135 2
1936 2
1270 3
4477 4
5797 3
384 2
4078 2
6075 3
3511 4
5682 2
4891 2
6597 3
1990 3
6266 5
5989 2
3681 2
4699 3
3246 6
3757 5
2605 2
3227 2
135 3
5495 2
3162 2
3311 2
6021 3
2217 2
5073 2
5676 3
3022 2
5420 2
520 2
3982 5
3584 2
3739 2
5599 3
5813 2
5447 2
1165 2
3388 2
6574 4
2636 3
3115 3
5961 3
6255 4
4697 3
6309 3
2727 3
1376 1
5687 1
3260 3
4 3
3184 4
1032 1
2768 1
1922 3
45 1
3245 2
4427 2
2824 3
5409 3
6418 2
1754 2
1385 3
600 2
1636 3
4961 2
6557 1
1897 2
2004 1
6336 3
193 2
5235 1
4556 3
3109 2
2777 2
4986 3
1156 1
3142 2
3527 2
4914 2
6384 3
3346 1
3080 3
1133 2
5493 2
5242 1
231 3
591 3
2320 2
3601 4
1978 2
1565 3
5553 2
2858 2
719 2
6189 3
6232 2
267 1
4775 4
752 3
1554 2
6001 2
747 2
6105 3
2147 3
3190 2
5477 3
5782 2
834 3
4252 2
6319 2
3999 2
2814 1
5882 2
4413 4
2111 2
1163 1
3347 2
5279 4
2837 2
2179 2
4211 3
5521 4
5742 3
2513 1
1238 1
1377 3
2862 3
5980 1
5860 1
1588 3
3738 2
1451 3
1672 4
1924 2
5508 2
5276 2
2180 3
1720 2
3258 2
4482 2
3627 3
2061 2
5563 3
2912 3
4104 3
5992 3
742 3
2895 2
4020 3
5657 4
2006 3
948 2
781 2
1231 2
41 1
2117 2
6026 3
4189 2
934 3
6512 2
2458 2
3081 2
878 2
3118 2
6617 4
2130 2
2052 2
3055 1
4048 2
4479 3
2977 3
3691 3
1665 2
6397 3
6535 2
1409 2
4224 2
1740 2
2976 3
3252 3
4374 2
4207 4
5926 2
1738 2
2233 3
4024 4
1728 3
4266 1
1862 2
6242 4
2410 2
4129 3
3621 3
3750 3
4049 2
2122 2
3977 2
6122 4
5314 5
3861 4
6345 2
1334 2
5598 3
1667 2
2658 2
1510 2
5576 2
3701 3
1067 2
4289 2
3574 1
3084 3
951 2
1222 3
6101 1
3759 2
5802 1
4106 2
4398 2
6200 2
5074 1
5343 2
2091 2
23 1
3857 2
6496 4
4070 2
6224 4
4254 2
4318 1
1125 3
1570 1
6271 3
4958 4
5181 3
6268 3
2495 2
105 3
3075 3
3873 2
5862 2
3353 1
1795 3
1199 2
5631 2
2090 2
155 1
4628 2
2067 3
3509 3
2951 5
283 1
3383 2
4432 2
1223 2
3940 2
1679 2
5161 3
278 2
4846 2
2064 2
6649 2
3248 2
2403 2
1404 3
6185 3
3933 2
1879 2
1154 2
6633 2
3196 3
1994 3
3036 2
1337 3
816 2
2494 2
4695 3
3914 3
5720 4
4526 2
1071 2
912 2
4592 2
2467 2
5602 3
3689 3
3840 1
6644 3
583 1
2022 3
4504 2
3852 3
5185 2
66 1
6169 2
5432 2
5952 5
5348 2
5262 3
6038 2
3488 2
2613 3
2335 1
223 4
4185 2
5575 3
4111 3
1036 2
6156 3
2252 2
5596 3
5734 3
5244 2
2333 1
4808 3
2346 4
4232 3
1158 3
755 2
6321 2
6328 2
1973 2
2075 3
4851 2
6330 1
2921 2
305 1
2507 2
644 1
102 1
2045 2
6340 4
2602 2
2081 3
1061 3
2095 3
5849 2
4514 2
2014 3
937 1
5371 4
6378 3
1579 3
705 2
3734 2
3791 3
5494 3
721 3
2460 3
399 1
1490 2
5916 3
4738 3
6538 3
4726 2
4938 2
3433 2
6469 1
211 4
4359 2
405 1
33 1
4282 2
6144 3
945 3
4950 2
1368 3
1204 3
1408 2
5881 3
3637 2
1809 2
5332 4
643 2
1021 4
1476 2
3793 2
6173 2
708 3
2755 2
6342 1
6499 2
3636 2
3562 2
2677 2
592 2
3157 2
2741 2
5249 1
1412 2
3098 3
74 2
75 1
2210 2
4009 3
6003 3
4139 2
268 2
5101 2
4903 1
4463 2
3718 4
3605 2
4624 2
1234 2
1233 3
1230 3
6396 2
3487 2
2702 2
4532 2
5917 3
2350 2
6575 2
2572 1
3918 3
1846 1
2412 3
5550 2
3296 1
2559 3
2416 3
4337 2
5970 1
4167 3
5404 2
2654 2
5748 2
5278 2
1285 2
3416 2
1933 3
5778 1
3827 2
5091 1
366 2
4453 4
1273 2
4142 2
5136 3
2682 2
2832 3
837 2
954 2
2205 3
3083 3
4967 2
539 2
4896 2
325 3
2050 2
6195 2
2196 2
489 2
4381 4
6019 2
3210 4
3317 2
1664 3
6126 2
310 2
1349 2
3286 2
2502 1
1164 2
4342 3
4667 2
4225 2
772 1
170 1
4060 2
3023 2
3203 1
513 3
2077 2
5455 2
4518 3
4906 2
449 2
5223 2
1621 2
5965 3
5000 2
1658 2
5951 2
2652 1
493 3
1646 3
3242 2
6468 2
2997 2
6543 3
51 2
6393 2
5137 2
6606 2
2834 1
5767 5
5194 3
6012 2
2756 2
5047 1
4510 3
599 2
1790 2
2773 1
6498 3
4250 2
4419 3
1428 2
4668 2
3151 3
1682 2
1853 2
6593 3
5662 4
5969 2
2439 2
5022 3
1072 3
3540 4
636 1
4349 3
888 1
2685 2
3812 4
3767 2
534 1
4634 1
5007 2
4196 3
4970 2
4128 1
4421 2
6537 3
668 1
5569 3
3538 3
2890 3
2316 3
1776 3
2542 2
4620 1
2009 3
1050 3
302 2
5212 3
4090 2
1309 5
381 4
3309 1
2884 2
462 2
5754 3
3543 2
5308 4
1012 1
2641 1
250 2
5565 3
6160 2
2631 2
1695 2
1788 3
1080 1
4965 2
3046 3
339 2
2784 2
2236 2
3094 2
5282 4
6221 4
6261 4
1416 2
695 1
3995 3
4568 2
1525 4
914 1
4499 2
1297 2
1486 1
4080 2
6117 3
6414 1
1216 2
418 3
1543 3
6527 3
1107 3
1807 3
2164 3
3525 3
6276 1
1724 2
5180 3
3012 2
595 2
1753 2
686 2
1798 1
1029 3
3016 3
5620 1
1136 2
2725 1
4122 2
6641 2
1148 3
6522 3
5110 3
3579 2
238 2
1206 3
4985 3
2110 1
1070 3
4571 3
1079 3
4883 2
4557 2
5255 3
3747 2
2183 3
3908 5
5613 3
2371 2
1797 1
5721 3
6172 2
1088 3
4291 2
1986 2
2610 2
4406 3
4597 2
6149 2
1576 2
2404 2
1209 4
6519 3
364 1
676 2
6031 2
6612 3
4027 3
6190 3
1004 5
6437 4
3585 4
2971 4
1353 2
6292 3
5145 4
1399 1
3255 1
5464 2
341 2
4679 3
136 2
6640 3
113 3
665 3
4002 2
2078 4
5603 3
4171 2
537 3
1449 4
5946 3
1411 3
1121 2
611 2
536 3
4218 2
6029 3
1123 2
2018 2
1201 2
6288 2
4832 3
4107 2
1007 4
6380 2
1049 2
4582 3
5883 2
2359 3
4302 2
1511 2
3582 3
5629 2
61 2
4783 2
6244 1
5993 4
1709 1
1635 2
281 3
3514 2
3325 2
5612 2
6274 2
2663 3
2094 3
4026 3
4553 3
3328 2
5507 3
3334 3
2630 2
2295 4
1331 3
4258 2
6458 4
4102 5
3671 2
122 2
2910 2
958 2
2356 1
49 3
4248 1
1651 2
2370 1
748 3
522 2
4322 3
1181 1
519 2
4984 2
6273 2
3785 1
4778 2
4719 1
5915 3
972 3
4472 3
527 3
1516 3
3201 4
4172 3
2916 2
3213 2
5164 2
372 2
5482 2
1833 1
3423 3
3087 4
4945 3
5202 3
3359 2
6554 3
2846 3
1756 2
5155 2
308 2
944 3
6202 3
5909 3
300 3
836 1
929 2
1383 2
6032 3
1038 2
5804 2
4423 5
2401 3
3287 4
1905 3
3135 2
4748 3
2476 1
6577 2
4371 3
3218 3
6629 3
2106 3
1808 1
1834 1
1594 4
167 1
1676 1
3796 3
5324 3
5474 2
1086 2
4607 2
2745 3
4198 1
4822 3
1564 2
1541 2
5303 2
2193 3
1872 1
6501 3
3198 2
1491 2
6099 2
2056 2
1847 2
3209 3
2763 3
3658 1
5468 2
2216 1
789 2
5868 4
2200 3
1690 1
57 1
5154 2
5133 3
990 4
4414 3
1835 3
4217 2
4969 2
5077 1
5841 1
3312 3
2222 3
5394 3
4082 3
1113 2
5315 3
5966 3
4400 3
2204 3
2278 2
4265 2
1443 1
3156 2
2038 3
413 1
4626 3
2481 2
1892 1
6137 2
2809 2
4859 2
879 2
5812 2
2086 4
3789 2
2748 3
794 2
234 3
4927 2
1699 2
483 2
3569 2
6008 3
1901 2
373 4
4604 3
956 4
3535 3
2465 3
4847 2
4118 2
1354 4
629 2
2514 3
1634 3
5222 3
1694 2
472 3
2504 2
3885 3
251 3
3674 3
295 2
4956 3
1911 1
1700 2
2842 2
4331 2
5260 3
5345 2
1378 2
3499 2
6168 2
5594 2
179 2
5426 2
2753 2
5144 2
5467 2
3237 2
6454 2
3743 2
4831 3
280 2
3101 3
6350 3
3052 4
1816 3
4737 6
26 5
6259 1
860 4
3199 3
512 1
4861 3
3356 3
4379 3
2550 3
2947 3
85 2
3939 2
3179 3
2701 3
5270 2
3289 3
1100 1
3644 3
2069 2
598 2
6118 2
4325 2
567 4
4399 2
5647 1
1749 3
1524 3
1793 3
4559 2
4375 2
4798 2
6439 4
4566 3
6196 3
3630 2
224 1
318 1
3329 2
199 3
801 1
2586 4
282 1
4684 3
5834 2
431 2
649 3
2736 3
5232 2
2612 1
6490 3
3666 2
4462 2
1950 2
5025 2
6073 4
6488 3
1714 2
3029 2
6637 3
1550 2
621 2
5429 2
4039 2
6464 2
5717 1
3320 1
4595 1
1293 1
1370 3
798 1
641 1
6531 1
3858 2
1913 2
1860 2
4030 2
628 2
5311 3
1402 3
1465 2
991 1
654 3
1481 3
3937 3
619 2
3859 3
814 1
5525 2
1831 2
80 1
4465 4
5490 2
6216 3
2511 4
1649 2
728 2
6318 2
6369 4
2988 4
276 1
3187 1
5816 1
6613 2
553 1
5945 4
2119 3
6379 2
5623 3
288 2
6428 2
1457 2
1180 2
5693 2
101 3
120 2
5519 1
4937 4
2646 3
4838 3
6058 2
5549 2
6300 3
3355 2
2088 3
2254 3
4971 3
5293 3
1488 3
2422 2
4192 3
3626 3
4434 1
4902 2
242 4
6534 1
1671 2
3310 4
6442 3
5580 2
5288 3
4292 3
4418 2
6576 3
5215 3
6461 4
5640 2
2878 2
3872 2
5704 2
5745 3
5217 3
5674 3
1941 2
4165 5
1250 2
3661 2
1647 4
4558 2
3122 3
3234 3
6262 5
3345 2
4524 5
4774 2
1062 2
6145 2
4055 3
3521 2
5771 4
3192 2
1854 1
435 2
911 3
5622 1
3088 2
4921 4
3675 2
4031 2
675 3
1961 2
1637 3
3202 3
2058 2
3988 3
6181 2
2118 4
1600 3
3174 3
5805 3
3606 1
5746 3
5752 4
529 4
1144 3
5460 3
727 2
1249 4
6586 3
694 2
4144 3
6627 2
964 3
3239 3
474 2
55 2
5516 2
5078 3
3024 2
5766 3
1567 2
5562 3
4767 2
4673 2
3695 2
4183 3
4705 3
1864 1
740 2
3957 2
5141 3
6096 2
2662 2
2418 2
3889 3
6525 2
3683 2
3006 3
3769 3
2100 2
134 2
3520 2
800 2
1247 2
4693 3
2440 4
823 3
5072 2
1505 2
2893 3
6493 2
3404 3
114 3
887 3
2791 2
2169 2
5641 2
400 3
6278 3
4517 4
3888 3
3268 3
3339 3
2421 3
1948 3
946 1
2199 3
322 3
5386 2
3348 3
6404 2
2817 2
2925 3
2215 2
1207 3
829 1
2286 3
4076 2
5013 3
5634 2
207 2
841 1
3546 3
1689 2
6400 2
3698 3
104 3
2288 4
2353 3
6033 2
421 2
3180 2
779 2
4700 2
5729 3
1229 2
5683 2
5724 3
1509 2
5411 2
1859 2
3259 4
1075 2
4137 2
6024 3
736 1
3607 2
164 2
2900 3
3406 2
1526 3
3667 3
2634 2
804 2
5544 3
3004 2
3276 2
2419 2
5231 3
962 2
5252 1
4966 3
2843 3
2785 3
4168 2
6618 3
1288 2
3503 2
3332 2
5875 3
1168 3
4752 2
404 2
3341 2
4324 2
5099 3
4452 2
3267 2
5568 3
5982 2
1299 3
3962 2
867 2
4744 4
6167 2
4766 2
4654 2
5070 4
5630 2
6147 2
5572 3
5739 1
448 2
5679 1
1306 3
6087 2
1137 3
1166 1
2915 1
2547 1
2296 3
2986 2
3065 1
2275 3
6581 3
1265 2
5055 4
5601 3
6408 2
444 1
889 2
3504 1
3680 1
157 1
5873 3
2830 2
121 7
5998 4
1763 3
2480 3
1014 3
3219 3
6358 3
928 2
5024 3
5555 3
6545 2
6086 2
768 2
1143 1
3163 1
4853 2
746 2
4973 2
5981 2
443 3
5378 2
3463 3
2307 2
4664 3
6197 2
5877 2
330 2
1568 2
4317 3
3154 3
1328 2
2258 3
2087 2
5762 3
5076 4
2085 4
3687 2
2822 2
3849 2
5451 2
287 2
1830 2
723 2
2569 3
2845 2
4469 2
3737 3
4691 3
3803 2
2995 3
570 1
978 2
1518 3
4529 3
6050 2
5581 3
2241 3
2104 4
2738 3
2577 4
4301 3
5611 1
4539 2
3304 2
5360 3
3380 3
4909 2
5705 1
4277 3
1723 2
1194 2
609 1
5220 2
6463 1
4880 3
6293 4
2705 3
1813 3
1495 4
1772 1
4420 3
2255 2
3506 3
3399 2
4560 2
3868 1
4665 3
4917 2
3314 3
1730 2
4854 2
3265 2
5251 3
2996 2
3655 2
3950 3
6005 2
1048 1
2746 4
4051 2
5777 2
153 3
1741 2
369 2
6090 2
5043 2
1761 3
6504 2
1593 3
2441 2
1638 2
4025 4
4202 3
3032 2
4061 2
4758 2
4812 3
5199 2
2735 2
4889 4
924 2
3623 3
5522 2
6231 1
5949 2
5991 2
2415 3
3596 2
1837 3
880 2
5423 3
6304 3
5227 4
3090 2
2315 4
82 3
2757 4
3275 3
2455 2
2449 2
6526 3
6138 2
4119 2
5176 3
3724 2
547 2
2578 3
1506 4
751 2
4018 5
147 2
5485 3
756 1
3542 3
4507 3
5075 2
352 1
5848 2
1661 1
4828 3
5325 3
5377 2
1917 2
909 5
4561 3
4913 3
2922 2
4785 1
4563 3
3298 2
2336 2
3777 4
1691 1
882 3
6544 3
4858 2
2065 2
4635 1
6289 3
4771 1
3308 4
1971 2
5147 3
1350 1
2579 4
1742 2
5960 3
542 2
4800 2
53 2
5014 2
5918 2
2060 5
3 2
2408 3
5439 2
4150 2
3149 2
5219 3
3831 2
4696 2
4113 3
5649 1
110 2
1496 2
3664 4
4019 3
192 1
915 3
682 1
2810 1
2563 1
713 1
329 2
4732 1
664 3
5300 2
1566 2
4928 2
5058 3
5605 2
5785 3
4368 3
5645 3
3842 1
941 1
5501 2
5089 3
59 2
5545 4
884 3
2166 2
375 1
3412 2
967 1
6264 2
1317 3
1825 3
1769 2
4564 3
6402 2
5417 2
4247 2
5221 5
3740 2
1152 3
6579 2
4926 2
4923 2
3121 3
1348 2
6559 3
4862 2
3515 2
1211 2
3042 2
5789 2
1534 2
3407 1
3969 2
5298 3
1167 2
1064 3
2931 2
5928 4
3316 2
3573 3
5543 2
1952 1
331 2
3155 2
5530 3
1286 3
71 1
3385 2
4430 2
977 2
1820 3
4549 2
3277 3
2142 3
265 2
2015 2
4237 1
92 2
3253 3
4370 2
1356 3
3288 3
3817 2
848 2
1387 3
3883 3
3703 3
2132 3
5832 2
5449 2
6549 3
2031 2
3193 2
1217 1
5054 3
3177 3
4028 3
217 2
2964 3
189 1
2299 3
146 1
6479 3
3318 3
4547 2
5934 1
666 2
3249 3
2598 3
2202 4
4099 3
4881 3
6055 2
1410 5
3961 1
4212 2
3435 1
3705 2
5925 2
4613 2
1768 2
2066 2
453 2
1191 2
4330 3
1734 1
1643 2
2554 2
2386 2
1648 2
5038 2
1333 2
2580 3
2389 3
6450 3
3251 2
270 4
6256 3
4361 2
1850 3
2669 2
3934 2
3865 2
4483 3
1824 2
4159 4
5134 4
396 1
4591 2
5306 2
4824 3
5541 5
3002 1
1521 3
4974 2
4382 5
2813 2
4843 3
5955 1
1104 3
1983 2
3140 3
5774 1
6062 2
416 2
5840 2
4089 2
4383 2
2704 4
4537 2
1604 6
3263 3
3919 2
5328 4
4857 2
5895 3
3815 2
2686 5
5178 2
1706 2
6282 5
2402 2
3855 4
5632 2
4428 2
2 7
3916 2
5434 4
2178 2
3936 2
248 2
1441 3
4996 2
3175 2
603 1
506 2
1908 2
377 1
5256 2
1313 3
1881 2
2887 3
1675 2
865 2
2151 2
1357 2
3650 2
441 4
3131 2
2020 2
2021 2
4457 3
5295 2
5385 2
3262 2
5273 2
315 2
3120 2
3333 2
6494 3
6392 4
3467 2
6521 2
1981 2
6415 3
2201 2
1575 2
1573 2
5560 3
6351 2
2528 3
2208 4
624 2
5920 4
3228 3
2279 1
5489 3
6456 2
2979 3
704 2
3751 1
2621 5
1108 2
5254 2
947 3
6359 3
4746 4
459 1
1731 1
3536 3
5999 2
2934 3
3401 4
5011 3
1445 2
2698 4
2030 3
5445 2
2776 2
144 3
3518 3
4199 2
5322 3
871 2
2218 1
985 4
3172 2
6308 3
4095 6
3395 2
5888 3
6270 3
256 3
3570 2
233 1
982 3
1159 1
3592 2
5818 3
3629 2
4709 2
5776 3
6247 4
5195 2
2942 1
44 1
2512 3
4490 3
6625 2
2143 1
6141 1
4246 2
1725 2
222 3
1660 2
2348 2
490 2
5671 4
923 4
1574 3
690 2
2573 3
2664 1
820 2
3315 2
1424 3
2214 2
3685 3
4583 4
2724 4
5884 2
4112 4
5057 2
5779 3
5910 3
4105 2
6104 2
6076 3
4136 2
2055 2
4079 2
2850 1
4497 2
4574 1
3981 3
806 3
6201 5
6103 2
3469 2
6233 3
479 1
3742 2
4074 2
4230 2
2820 2
3599 2
1296 2
2675 1
3591 3
2175 2
4135 1
496 2
907 2
1264 3
1364 3
5856 1
1077 2
2207 3
5962 2
4708 2
5857 2
531 3
5216 2
5718 2
6162 3
979 4
2993 3
4872 3
6114 3
2535 3
4745 3
3652 2
1120 2
3843 2
3254 1
4066 3
984 1
2082 3
5374 2
5932 4
1947 3
3007 3
2913 3
3972 2
2163 2
4886 2
2355 3
2639 4
427 1
6510 2
2699 3
1033 5
1092 2
5112 3
3436 2
1202 3
1485 3
1902 3
5387 3
3765 3
1122 3
3445 2
5484 2
1025 1
1034 2
4702 2
1127 2
5230 3
1301 2
5967 2
5093 3
1323 3
6280 3
5921 2
4867 1
1805 2
232 2
5655 4
2998 1
4520 3
5471 3
616 2
425 2
2994 3
4474 2
1944 2
2463 2
1470 4
1802 2
3498 2
6068 3
4944 4
4015 2
652 4
4692 3
2219 3
1444 3
4115 2
3442 2
4145 2
6214 4
1674 2
6222 1
3816 2
2568 3
1105 3
2869 3
2068 2
3426 4
4283 2
1928 2
5819 3
2306 2
2863 2
3619 2
3517 3
1549 3
4481 2
2372 1
3522 3
635 2
1657 2
5462 3
2666 3
2407 2
1942 2
1857 3
3989 4
6650 2
6056 3
5130 3
6539 4
758 2
5867 2
6020 4
1883 3
2506 2
5224 4
3291 3
5283 3
3870 3
4565 2
6459 3
1964 3
5975 3
6553 2
5567 1
6035 2
2719 2
5939 2
2604 1
1673 2
5123 2
4184 3
463 1
4763 1
4653 3
106 2
4631 2
3716 2
5937 2
1852 3
1124 2
2929 2
4915 2
6491 4
3431 3
5669 2
4922 1
4873 1
2908 2
5402 2
2767 3
2262 2
5168 2
4143 4
3641 1
2305 1
2932 3
6128 3
3232 4
4010 3
5027 3
4512 2
4035 4
161 1
869 2
5203 2
487 2
4036 2
2672 5
2362 2
5167 1
4069 4
1818 3
6174 2
5838 3
3125 3
4011 1
2304 2
4925 2
5017 3
4688 3
2780 3
2140 1
3164 3
1923 4
524 2
5863 3
5922 2
2905 2
4084 3
1200 2
2351 2
262 2
2309 1
3145 4
2049 3
3907 2
3367 3
2508 2
406 3
5250 3
6446 2
5846 2
2660 4
1876 3
3894 2
5277 3
3643 3
831 2
4704 3
1906 3
4503 3
4920 2
4538 3
625 3
370 2
5653 2
4203 2
4040 3
2984 1
895 3
2800 1
1434 2
2628 2
1703 2
5983 3
398 1
4329 4
438 2
1801 2
139 3
4660 3
1582 3
1422 2
3273 3
1602 2
4346 3
34 2
785 3
3799 2
5327 3
4644 4
5996 3
2678 3
4062 2
3452 3
4572 3
711 3
2446 1
1329 4
5333 2
4227 2
3127 2
5700 2
3593 2
402 2
722 3
1155 2
2313 4
6061 2
1715 2
6502 2
4404 2
5587 2
2885 3
4536 3
5927 2
868 2
306 2
3338 3
1196 2
2240 2
5415 2
2640 3
1056 4
4152 2
2798 2
1545 2
4416 2
5151 2
1195 3
1315 4
862 2
6427 2
2037 2
4484 2
6016 3
5094 3
1054 4
5139 3
3468 2
4995 3
1618 2
5947 3
2079 4
1340 2
1698 3
5694 3
3403 3
2328 1
6622 3
2989 3
1381 4
3922 2
6129 1
3110 2
703 1
3167 2
2709 2
2150 3
143 4
759 2
2981 2
4162 3
4755 1
266 2
5979 3
1993 3
3292 2
5035 2
2645 2
5957 3
4489 3
6027 3
6151 3
554 2
5930 5
3571 2
21 1
2733 4
5689 2
674 2
88 1
2379 2
5534 3
5584 2
4849 2
4934 2
3043 2
4793 2
731 3
3561 2
2927 2
4728 2
5768 4
503 2
4614 2
4855 2
6599 2
3095 3
2098 3
926 2
5876 3
5551 1
5419 2
2209 2
4367 2
5096 3
3609 3
2486 3
4585 2
4449 3
2529 3
6624 2
2963 3
1274 3
5740 1
2247 2
700 1
475 2
2825 2
1295 2
4686 2
5379 2
5811 3
558 2
414 3
5635 3
5874 2
1583 4
2688 2
4730 2
805 1
1369 3
1497 3
980 1
973 4
2461 2
6011 2
3770 2
2526 3
2469 2
4821 3
6054 2
5113 2
3025 2
3033 2
4393 3
6482 3
363 1
5190 3
2032 3
1609 2
5851 2
2113 2
4392 2
4796 5
2027 3
1117 2
3483 1
6564 3
5367 1
5608 4
3656 3
5446 2
1910 4
225 2
640 2
4505 5
6476 2
4151 1
5135 2
3905 3
4551 3
1085 2
3371 3
3393 1
4285 2
2585 2
4885 1
3768 1
5942 2
2134 2
415 2
5564 2
1925 1
5788 2
1631 2
1629 3
6010 2
4842 2
6192 4
1654 2
3869 3
6074 4
446 3
1450 3
1469 3
562 1
4615 2
4353 2
1101 2
5258 2
2281 2
1053 2
5119 2
2781 2
1186 2
4893 3
1874 3
2474 2
216 3
1417 3
2133 3
6595 5
2127 3
5334 3
492 2
4998 3
6528 2
5128 2
5021 2
6152 3
2154 2
3594 3
2625 4
1446 2
4685 2
5353 2
523 2
3068 3
6347 3
854 2
4085 3
335 2
3917 2
6070 4
3398 2
5405 5
6182 2
1767 3
3746 2
2405 2
2708 4
2537 4
2690 3
4570 2
4071 2
3017 2
4141 2
3648 2
1046 1
6066 3
5913 2
3895 4
2235 3
4661 2
73 3
4156 4
5478 3
6312 2
3967 2
4599 3
6566 2
1321 1
4004 3
4345 3
4210 4
1375 3
1669 2
5500 2
1680 2
198 6
4284 2
4637 3
2121 2
4243 1
1603 1
5104 2
5533 2
688 1
572 1
3018 2
1389 2
4154 3
838 2
5795 3
3876 2
2471 2
1489 2
6294 4
6348 2
900 2
1595 3
568 2
130 1
292 1
4255 3
4380 4
2812 3
1187 4
1132 2
2028 2
249 1
4176 2
1374 3
1765 2
6094 3
6297 5
2248 2
894 2
3372 3
4887 3
3844 3
5903 3
4836 3
2334 2
1082 2
1616 2
4213 2
5090 3
1365 2
551 2
6592 3
141 3
3928 2
1563 2
5839 3
3560 1
3473 4
4819 1
241 3
4299 3
2116 1
1198 2
1882 2
420 1
5827 3
6570 4
1718 2
3710 2
4874 3
1059 2
1938 2
5712 1
4357 4
2101 2
808 1
3048 1
1287 2
3595 2
6234 5
3297 3
3753 1
4164 3
4569 3
5733 2
1687 3
3920 1
4523 2
5513 2
1945 3
766 2
2649 2
2917 1
12 2
2691 4
3567 3
530 2
6279 2
669 3
6591 5
3786 2
4810 1
2363 2
4740 2
1205 4
2153 3
3489 2
1115 3
1051 2
1931 2
204 3
5633 2
5638 2
5265 3
174 2
3886 2
6630 3
3331 2
5290 2
2414 4
580 2
4093 3
5850 2
303 3
6178 4
5707 2
2338 2
1757 2
4863 2
4619 2
5719 3
2343 2
2260 1
2227 2
2374 2
734 3
2665 2
952 2
344 2
696 3
5186 3
3336 2
2187 2
4717 2
2560 3
559 2
4023 3
3516 2
4319 3
4743 3
5313 3
5053 4
5763 2
1055 3
1015 2
6079 4
3720 3
2186 2
4980 2
5546 2
5929 2
639 3
782 2
2962 2
2397 2
2342 2
5358 3
3618 2
6088 3
4320 3
4826 1
5938 2
4215 3
2025 2
3079 2
6241 3
5354 2
994 1
1528 2
5436 2
1203 2
4589 3
4606 3
4675 2
6376 2
1310 4
2531 2
4900 2
5241 4
1314 2
4088 2
4209 3
2131 2
3985 3
3565 2
2827 2
3814 2
1473 3
832 2
3415 2
2413 3
4600 7
3788 2
6206 2
2818 2
702 2
2948 3
3457 2
2267 1
2853 2
213 4
374 2
6171 3
6287 2
3472 2
4244 3
5643 2
3741 2
3944 3
2211 3
3808 4
240 4
2643 3
4471 3
5175 4
3828 4
6048 2
2234 2
3845 3
4741 3
5413 2
499 3
5162 4
3335 2
793 2
6632 3
1960 2
5738 1
3396 2
4223 2
1956 3
679 2
3881 3
5157 3
4601 2
2382 2
4310 2
342 2
3893 2
3272 3
3365 4
4256 3
4169 3
5028 2
2835 3
3820 3
5735 3
4242 2
6489 2
2899 3
4860 4
5628 2
5158 2
1562 4
3782 1
563 2
3996 2
3379 3
6296 4
1128 4
3878 2
6000 3
2323 3
2829 4
2588 4
916 2
1766 1
5111 2
2717 3
1289 2
3854 2
4714 4
6091 2
1429 2
5948 2
4573 2
5082 4
6451 2
4731 2
5558 1
203 3
1406 1
1245 2
3352 3
4990 3
4000 3
3971 4
5765 3
2033 3
5855 1
6339 3
590 2
921 2
432 1
5153 3
2036 2
2722 2
2553 4
0 0
3700 3
5213 3
3665 3
6594 3
6281 2
2522 5
2472 1
229 3
3074 1
5349 4
5573 3
6610 3
620 2
6467 4
2540 3
4588 3
3853 3
5033 2
3551 2
4193 2
1685 2
4344 3
1745 2
3027 3
5844 3
5652 2
514 2
1644 3
3086 2
376 3
2637 2
2344 2
1002 1
3802 2
2406 4
5661 2
1254 2
3790 2
1977 3
3282 4
4005 2
5887 2
4340 2
5272 2
3132 1
3731 2
2549 2
3798 2
6567 2
2782 3
4003 2
3474 2
5871 2
3191 2
5012 2
3188 2
6477 1
2174 2
5639 2
4338 3
4022 2
1277 3
1692 1
6503 2
673 3
2958 2
3554 3
5817 2
2277 2
457 1
2880 2
2173 1
1887 2
2889 2
6219 6
65 3
1076 2
1226 2
2485 2
254 2
1413 4
5698 4
5438 3
1283 1
6286 2
5018 2
6277 3
5363 2
4621 1
6239 2
6616 2
6248 4
3350 2
2303 2
773 2
2740 4
1359 2
1867 2
1243 2
5571 1
3466 3
5737 3
508 2
6646 2
3290 2
5063 2
3417 1
3897 2
797 2
3924 2
471 2
3197 2
4972 2
858 2
1492 3
4562 2
4161 2
1717 3
1866 2
5208 3
4801 3
2609 1
1109 3
3185 4
2770 4
3008 4
5335 4
3220 3
3932 2
2730 3
1431 1
3526 1
2093 3
3386 3
4313 2
1507 3
1027 2
1284 3
1414 2
822 2
5138 4
5621 2
5803 4
6460 4
4735 3
5987 2
171 2
6316 3
2582 2
2327 3
3085 3
1645 2
5364 4
2673 2
3114 2
6507 4
2833 2
1581 2
2167 1
451 2
6194 2
5107 3
3009 1
1500 1
3898 2
2970 3
3682 2
1415 2
528 3
4897 2
4835 3
5340 2
3299 3
5165 2
5191 3
5342 2
2760 2
4987 3
5890 3
739 2
2992 2
3378 4
4787 2
5040 3
646 1
5246 3
1832 2
5204 1
5830 2
1360 2
2750 3
1856 2
585 2
4779 3
6315 4
5667 2
5695 4
1760 4
1185 2
4279 2
5859 2
1258 2
5772 3
3337 3
3441 2
2072 2
2229 4
2427 2
1721 3
70 7
2718 4
1965 1
1891 1
5664 2
3668 3
6267 4
6193 2
4327 3
2103 2
4326 2
2096 4
910 2
3496 3
5958 1
411 1
3625 2
4712 3
1393 3
1652 2
2766 3
3491 2
3492 2
5114 3
3736 4
166 2
4443 3
5492 4
2667 4
2437 2
1555 2
902 2
788 3
6120 2
4038 3
2462 4
3575 3
1812 3
3340 2
3929 1
1770 3
5731 2
3330 2
2224 2
4910 2
1916 3
2904 2
2367 2
6426 3
5059 3
6333 2
4576 1
1530 2
4298 4
2761 2
1225 2
2001 3
5670 2
2043 2
5593 3
604 2
1224 1
5722 2
2225 1
6095 2
2438 2
3458 3
5963 2
4123 2
2771 2
5397 3
4127 3
4305 2
2611 3
257 2
5102 3
5271 1
5852 1
2852 1
4276 2
4546 3
5586 2
2759 2
5458 2
993 2
3230 3
5941 3
275 2
5088 4
1951 3
1899 4
2882 2
2434 2
367 3
3455 1
3963 2
569 1
4260 2
6569 5
4825 2
3326 2
4817 3
4580 5
5350 2
47 3
5491 3
5574 5
5050 2
1432 2
2589 2
3974 2
1849 2
466 2
4312 2
2894 3
4470 2
4884 2
3446 2
6100 3
1751 3
5428 3
3615 2
112 3
1182 2
623 2
5820 1
6229 3
1251 3
235 3
4436 3
2728 2
2520 2
6092 1
1708 3
803 2
5066 2
2626 4
4498 2
6207 2
4234 4
3945 3
3020 2
2491 2
10 2
3797 2
2390 2
3072 2
5592 2
2841 2
2263 3
6034 3
6210 3
5514 3
4531 3
5784 4
2624 7
1227 2
1662 2
6563 3
3864 2
555 2
2898 2
2744 2
6310 1
6057 5
795 1
2972 2
4586 3
2906 2
6018 3
6025 2
86 2
4820 2
3673 4
3949 2
5644 4
6053 3
1282 2
1074 3
3482 2
3616 3
6444 3
201 2
960 2
6320 3
4146 2
76 3
2803 2
3965 3
5065 3
630 3
1627 3
4387 5
1628 3
4678 2
6080 2
1458 2
4618 2
2874 1
953 1
3978 2
424 3
2220 2
2737 2
5376 1
1045 3
2697 2
4067 3
1463 3
5637 2
4617 2
6191 2
5547 2
6647 2
6561 3
6654 2
6177 2
6411 2
1653 2
133 3
185 2
309 1
4415 3
4638 2
5437 4
6081 2
6601 3
3362 2
5505 2
6533 3
1363 2
4296 2
1982 2
1668 2
6448 3
124 3
3100 3
5160 4
5677 4
107 1
2023 1
1727 1
4756 2
1522 2
987 5
1248 3
2268 2
765 4
180 1
5030 3
1197 1
5595 3
3910 2
1889 2
3419 4
1312 1
2821 1
191 3
3694 2
2541 3
3804 1
1063 2
3513 5
4584 2
2447 2
2576 3
899 2
769 1
3092 1
1172 2
6022 3
3800 2
5009 2
1811 5
1208 2
5368 2
2126 4
3548 2
2836 2
565 3
4765 3
2865 3
4579 2
2265 2
3301 2
5781 2
6590 4
4429 2
4308 1
4866 2
2454 3
5609 2
1926 2
3279 2
2618 2
5866 2
1474 2
1298 1
355 2
4263 3
6505 2
2903 2
17 5
2839 2
3761 2
1656 1
4791 2
1052 2
633 2
4578 2
4444 4
5853 2
4373 1
2195 2
1454 2
901 3
458 2
1633 2
1969 2
2758 2
5625 2
5950 1
1784 3
2599 2
3030 2
4377 6
1786 2
4134 4
221 3
3039 2
4625 2
4811 2
4485 1
810 2
4795 2
1346 3
2933 2
3300 4
2590 2
712 2
1083 3
1980 2
3756 1
5183 2
971 1
2399 3
4365 2
5400 3
4681 2
5285 3
893 2
293 2
5106 3
2969 1
6349 4
3813 2
4216 2
763 1
4983 2
3670 2
4033 2
6638 3
272 3
2497 3
417 1
4131 2
827 1
159 4
3604 2
3931 1
2676 4
2340 2
4677 2
6381 5
1419 3
6540 2
549 1
732 1
2499 2
3583 2
349 1
4336 2
5829 2
2926 2
5510 3
6373 3
677 1
1372 3
2794 2
3211 3
1456 2
4339 3
632 1
2383 1
5239 3
1750 2
5692 2
1970 2
2339 2
1626 3
5359 3
589 1
79 1
4940 4
1736 3
4304 3
2160 2
319 2
5351 2
6314 2
4952 1
3979 2
1777 3
741 3
3278 3
6236 2
4372 2
4951 4
3555 4
3073 2
4494 2
2152 3
5336 4
3927 2
3563 1
5156 4
220 8
6366 2
5773 3
2221 2
6572 2
5281 2
1826 2
940 2
6039 3
5045 2
3229 3
5723 3
6352 4
4309 4
2005 2
2231 3
1 1
1774 3
4391 3
2928 2
2070 3
3082 3
5046 2
5624 4
1401 4
5268 3
6431 1
244 1
4259 4
1237 2
152 3
3519 3
1087 5
5736 4
933 3
5042 1
5248 2
5663 3
802 2
1330 2
922 4
840 1
1929 3
774 1
594 1
117 2
1384 1
3159 2
898 2
3678 4
2325 2
587 2
2935 2
3586 3
3874 2
1407 2
482 3
4001 2
5092 2
5879 3
6609 2
6628 2
557 3
5061 3
2391 3
212 3
5344 5
873 1
642 1
1988 1
2177 2
2035 3
796 4
5658 3
6425 3
4451 4
1001 3
546 2
4194 4
1712 2
2332 1
5431 3
3688 2
3835 3
307 2
3901 1
1678 2
6198 2
825 2
1271 2
6420 2
1903 1
581 2
1394 3
3612 2
6142 3
4140 4
3834 1
3477 3
3728 2
6615 3
4918 4
3954 2
4496 2
5971 3
2946 3
6077 3
2732 2
3654 1
2073 3
4689 3
412 2
2393 1
2324 2
5793 2
1894 3
2318 3
2968 1
6302 1
3069 3
4954 2
62 4
3464 3
3998 2
4181 2
409 1
111 3
1733 3
5627 3
2498 2
2198 3
3727 2
4354 2
1632 3
3823 3
2595 4
4201 3
6447 4
1057 1
6301 3
1592 2
1459 3
3973 3
5798 2
2619 3
2907 2
6260 3
4366 2
5727 2
1747 4
2980 3
577 2
4178 3
4424 2
5665 2
1779 1
5169 2
1781 2
2642 2
4963 1
1089 3
6059 1
2808 3
5842 1
46 1
3123 3
3409 3
2966 1
4799 2
1010 3
965 3
4544 4
6227 4
6583 3
3070 2
1918 3
5026 3
183 1
1762 5
5284 2
3354 3
876 3
4751 2
440 1
132 1
5506 3
456 1
2042 2
5416 2
5457 3
701 3
1865 1
2949 2
6132 3
1641 2
3856 2
3351 3
1885 4
4680 3
1192 2
6604 4
5480 1
495 3
5964 4
4509 2
2937 6
4890 2
6434 4
3994 3
4508 3
1242 4
903 2
3434 3
131 5
3512 3
2548 5
1890 3
3465 2
6113 4
2772 2
2369 1
5697 4
2483 1
2956 4
1453 3
3454 2
5684 2
6516 2
2561 2
6438 2
6175 3
730 2
1684 3
2270 2
6401 2
6290 3
5552 3
3035 2
3693 1
2696 2
4422 3
2266 4
4395 2
5301 4
6389 3
2779 3
4288 3
4725 2
4251 3
5953 2
5346 4
3709 2
1342 2
778 2
4642 1
2377 2
5466 2
3306 3
5686 2
2650 3
1151 2
4994 2
195 2
638 1
5206 2
4750 2
5006 3
1420 3
4355 3
5049 3
6311 3
2897 2
2872 5
3266 1
2801 2
1423 3
228 3
4351 1
2034 2
4777 2
770 2
2860 2
2138 1
3766 3
1796 2
2855 3
2319 3
4235 2
2679 2
1878 4
6072 2
3226 4
720 2
401 2
6235 3
4274 1
5116 2
3792 3
685 2
5384 2
5352 3
1477 2
737 3
4409 1
5794 2
5956 4
4149 3
1043 2
1479 2
4335 2
1932 2
2287 2
5172 2
3440 3
6136 2
2170 2
1939 2
1907 3
1153 2
3530 4
4475 2
5031 2
4480 2
6036 2
5636 2
6060 2
2671 2
1995 2
156 2
6484 2
2445 3
2297 2
1358 3
5539 2
2694 3
507 3
442 1
3677 2
6394 3
5225 2
3826 2
5854 3
3657 3
812 3
955 2
2492 4
974 2
4267 1
5800 3
6417 3
2793 2
3976 2
3270 3
3549 2
89 4
284 1
301 1
2734 3
333 1
790 2
1821 3
3475 3
784 3
1464 1
3557 2
2361 3
2048 2
5714 3
6361 3
1946 2
6215 2
3784 3
5826 2
28 3
4364 3
518 3
1073 3
560 1
6483 3
1880 2
6153 1
3363 3
286 1
3692 3
2703 3
3124 2
4540 3
6205 2
3558 3
1546 2
6257 3
2879 2
6065 2
6487 4
4264 1
5891 4
5159 1
1572 2
6298 2
2084 2
2128 3
4545 2
6203 3
680 2
2503 5
1869 2
5103 1
606 2
1851 2
1900 2
2290 2
2074 1
3608 2
1095 1
3224 2
4519 2
327 3
4823 3
5357 3
5899 2
5142 2
316 1
6589 3
1571 1
783 1
5483 2
178 1
197 2
3838 2
149 1
5205 2
864 2
4975 2
94 1
743 3
3867 2
4807 2
610 2
6306 3
5680 5
4455 2
714 2
230 2
4103 2
1974 2
1026 2
4764 1
1392 3
39 1
626 3
1241 2
605 2
3284 1
5375 3
692 2
3021 3
42 2
4114 3
1341 2
3041 4
5148 3
1670 2
988 2
1322 3
6115 3
2700 1
491 2
2924 2
4813 2
657 2
1514 2
707 2
5002 3
1094 1
6424 3
5339 2
100 2
776 2
799 4
2523 3
5911 2
6410 2
515 3
175 3
1967 2
4522 3
4543 3
4431 3
1228 2
1705 2
5747 3
64 3
1780 3
2282 2
4195 2
4110 2
1184 1
3062 3
839 5
2940 1
3099 2
4943 4
2806 2
6009 2
6334 2
5710 2
3128 2
2861 2
340 2
3495 5
5326 3
4977 2
1430 2
317 2
999 5
5864 2
6643 3
662 4
5407 2
4287 4
3890 2
2788 2
18 2
2239 2
4632 3
2557 2
3015 2
3529 4
6329 3
6220 3
4037 2
3244 4
2352 3
5068 2
2875 2
6429 2
1119 2
1584 2
1710 2
1873 1
872 2
1838 2
645 2
4652 2
2501 2
6124 3
2223 3
6158 2
2181 1
3014 3
3774 2
368 1
2888 3
3484 3
5347 4
2581 4
1030 2
2536 3
5673 2
2844 3
2139 3
3806 2
103 3
1135 2
3160 2
434 1
1437 4
1815 2
1954 1
3194 3
1553 2
961 3
3103 3
4598 2
6558 4
5756 2
2661 1
1146 2
6441 2
3369 3
3825 4
1427 2
561 3
2249 3
5115 3
4126 2
2047 3
4491 2
3429 2
4829 4
2600 3
5004 3
5651 2
5835 3
1817 3
863 3
6536 2
467 2
4433 1
2188 2
6436 2
6395 2
1598 2
3424 3
3231 3
2689 2
4188 2
2054 3
3000 2
6006 3
4789 2
151 3
1557 4
5787 3
1909 2
162 2
5561 2
2575 4
992 2
1041 2
6209 2
2629 2
1017 2
584 1
3077 2
706 2
1016 1
3377 3
2489 1
2280 2
154 1
3389 1
1023 2
6228 4
2854 3
1396 2
138 3
5994 4
6362 2
3941 3
5015 3
2347 2
119 1
3349 4
5257 4
5699 1
4303 1
2783 2
6413 2
2584 2
4754 1
5427 3
4727 2
4905 4
2524 2
6432 3
2534 3
1347 3
3056 2
4716 3
1442 3
2083 2
6109 3
3975 2
4528 2
1131 2
2911 3
2799 4
6541 2
4097 4
4460 2
1810 2
1452 2
6532 3
6 3
6492 3
2013 2
1630 4
3822 3
5470 3
5393 3
6098 3
2129 2
850 2
2826 2
4295 3
4515 3
6125 4
3307 3
4610 3
5362 2
4790 2
1351 1
2648 3
5751 3
1386 2
5577 3
2870 2
521 1
477 2
5741 2
158 2
3850 2
445 2
726 2
6475 2
2308 1
970 1
5019 2
6435 3
3428 2
6636 2
906 3
5931 3
1215 3
4806 2
6265 3
3841 2
6346 3
1482 3
5715 3
3459 2
4772 4
3771 3
4999 2
469 2
4830 3
622 2
2919 2
2312 3
1157 2
5716 2
6344 1
2184 2
6134 3
3622 2
3144 2
5847 2
3780 3
1395 2
6472 2
5503 3
6634 2
6497 1
3702 2
3447 3
687 3
3781 2
4120 2
2616 1
4720 1
5475 2
2276 3
6097 3
2368 2
1778 3
4639 2
6419 2
320 2
710 2
4435 3
1556 2
1792 2
2747 3
1529 2
2546 4
4605 3
1175 2
6188 3
3547 2
5228 2
2532 2
4426 2
4698 3
2680 2
362 1
1096 1
5537 2
1895 5
2816 3
6639 1
3713 2
648 1
252 4
3206 4
835 2
4044 2
3645 2
3952 2
2556 4
6657 3
5831 2
358 1
324 1
1170 3
866 1
2375 3
6372 3
378 1
4590 2
890 2
6170 2
4328 5
3946 4
5443 3
3360 3
3373 3
2373 3
4073 2
2539 3
4307 3
5504 2
450 1
5408 3
5418 2
1764 3
3879 2
5389 2
200 2
877 2
3448 2
1487 4
3490 2
5908 3
5463 1
1791 2
2388 2
1748 2
1466 2
1147 1
5192 3
2141 2
3880 2
500 1
4805 3
269 3
847 2
1344 2
4762 3
1272 3
2749 3
274 3
4034 2
4163 2
5330 1
2053 2
6584 2
1239 1
468 1
345 2
3147 2
6486 3
5585 2
535 3
2298 3
6102 2
3019 3
5806 3
5757 3
3587 2
1542 2
1447 3
1106 1
478 3
851 3
5275 3
2109 5
4356 3
4895 1
5388 3
498 2
4294 2
1214 4
2558 3
2731 2
5759 3
3772 3
6626 2
2384 2
3370 3
6423 3
3212 2
4360 4
5041 3
4077 3
2505 2
5083 3
3663 3
689 2
1028 1
3860 2
5675 2
1326 2
4297 2
989 1
5894 2
3992 3
3364 4
4208 3
2881 2
3884 2
1031 2
1307 3
511 1
5509 3
6187 2
6052 2
5459 4
2162 2
601 2
4231 2
4612 3
4960 1
791 1
913 2
5610 1
4065 3
422 2
6571 2
861 3
4459 3
3376 2
3011 3
5448 2
3342 4
140 1
206 2
1114 5
1716 2
4121 2
2967 2
2226 2
556 2
6406 2
3494 1
1171 4
1494 1
1914 3
5861 2
538 2
3589 2
2314 1
5307 3
1729 1
4408 3
2430 1
2057 3
5808 3
5809 3
5688 5
2857 3
544 1
4100 4
3809 4
4012 2
1260 1
4682 3
3119 4
6382 3
6243 4
949 3
160 1
3003 2
4659 2
3319 2
3394 1
205 3
6365 2
354 3
6250 3
1888 3
2603 3
3493 3
760 3
4657 2
5968 2
6455 1
2322 3
564 2
;