param : enchainement :=
# numero_mot1 numero_mot2 valeur
0 0 1
0 1 1
0 2 1
0 3 1
0 4 1
0 5 1
0 6 1
0 7 1
0 8 1
0 9 1
0 10 1
0 11 1
0 12 1
0 13 1
0 14 1
0 15 1
0 16 1
0 17 1
0 18 1
0 19 1
0 20 1
0 21 1
0 22 1
0 23 1
0 24 1
0 25 1
0 26 1
0 27 1
0 28 1
0 29 1
0 30 1
0 31 1
0 32 1
0 33 1
0 34 1
0 35 1
0 36 1
0 37 1
0 38 1
0 39 1
0 40 1
0 41 1
0 42 1
0 43 1
0 44 1
0 45 1
0 46 1
0 47 1
0 48 1
0 49 1
0 50 1
0 51 1
0 52 1
0 53 1
0 54 1
0 55 1
0 56 1
0 57 1
0 58 1
0 59 1
0 60 1
0 61 1
0 62 1
0 63 1
0 64 1
0 65 1
0 66 1
0 67 1
0 68 1
0 69 1
0 70 1
0 71 1
0 72 1
0 73 1
0 74 1
0 75 1
0 76 1
0 77 1
0 78 1
0 79 1
0 80 1
0 81 1
0 82 1
0 83 1
0 84 1
0 85 1
0 86 1
0 87 1
0 88 1
0 89 1
0 90 1
0 91 1
0 92 1
0 93 1
0 94 1
0 95 1
0 96 1
0 97 1
0 98 1
0 99 1
0 100 1
0 101 1
0 102 1
0 103 1
0 104 1
0 105 1
0 106 1
0 107 1
0 108 1
0 109 1
0 110 1
0 111 1
0 112 1
0 113 1
0 114 1
0 115 1
0 116 1
0 117 1
0 118 1
0 119 1
0 120 1
0 121 1
0 122 1
0 123 1
0 124 1
0 125 1
0 126 1
0 127 1
0 128 1
0 129 1
0 130 1
0 131 1
0 132 1
0 133 1
0 134 1
0 135 1
0 136 1
0 137 1
0 138 1
0 139 1
0 140 1
0 141 1
0 142 1
0 143 1
0 144 1
0 145 1
0 146 1
0 147 1
0 148 1
0 149 1
0 150 1
0 151 1
0 152 1
0 153 1
0 154 1
0 155 1
0 156 1
0 157 1
0 158 1
0 159 1
0 160 1
0 161 1
0 162 1
0 163 1
0 164 1
0 165 1
0 166 1
0 167 1
0 168 1
0 169 1
0 170 1
0 171 1
0 172 1
0 173 1
0 174 1
0 175 1
0 176 1
0 177 1
0 178 1
0 179 1
0 180 1
0 181 1
0 182 1
0 183 1
0 184 1
0 185 1
0 186 1
0 187 1
0 188 1
0 189 1
0 190 1
0 191 1
0 192 1
0 193 1
0 194 1
0 195 1
0 196 1
0 197 1
0 198 1
0 199 1
0 200 1
0 201 1
0 202 1
0 203 1
0 204 1
0 205 1
0 206 1
0 207 1
0 208 1
0 209 1
0 210 1
0 211 1
0 212 1
0 213 1
0 214 1
0 215 1
0 216 1
0 217 1
0 218 1
0 219 1
0 220 1
0 221 1
0 222 1
0 223 1
0 224 1
0 225 1
0 226 1
0 227 1
0 228 1
0 229 1
0 230 1
0 231 1
0 232 1
0 233 1
0 234 1
0 235 1
0 236 1
0 237 1
0 238 1
0 239 1
0 240 1
0 241 1
0 242 1
0 243 1
0 244 1
0 245 1
0 246 1
0 247 1
0 248 1
0 249 1
0 250 1
0 251 1
0 252 1
0 253 1
0 254 1
0 255 1
0 256 1
0 257 1
0 258 1
0 259 1
0 260 1
0 261 1
0 262 1
0 263 1
0 264 1
0 265 1
0 266 1
0 267 1
0 268 1
0 269 1
0 270 1
0 271 1
0 272 1
0 273 1
0 274 1
0 275 1
0 276 1
0 277 1
0 278 1
0 279 1
0 280 1
0 281 1
0 282 1
0 283 1
0 284 1
0 285 1
0 286 1
0 287 1
0 288 1
0 289 1
0 290 1
0 291 1
0 292 1
0 293 1
0 294 1
0 295 1
0 296 1
0 297 1
0 298 1
0 299 1
0 300 1
0 301 1
0 302 1
0 303 1
0 304 1
0 305 1
0 306 1
0 307 1
0 308 1
0 309 1
0 310 1
0 311 1
0 312 1
0 313 1
0 314 1
0 315 1
0 316 1
0 317 1
0 318 1
0 319 1
0 320 1
0 321 1
0 322 1
0 323 1
0 324 1
0 325 1
0 326 1
0 327 1
0 328 1
0 329 1
0 330 1
0 331 1
0 332 1
0 333 1
0 334 1
0 335 1
0 336 1
0 337 1
0 338 1
0 339 1
0 340 1
0 341 1
0 342 1
0 343 1
0 344 1
0 345 1
0 346 1
0 347 1
0 348 1
0 349 1
0 350 1
0 351 1
0 352 1
0 353 1
0 354 1
0 355 1
0 356 1
0 357 1
0 358 1
0 359 1
0 360 1
0 361 1
0 362 1
0 363 1
0 364 1
0 365 1
0 366 1
0 367 1
0 368 1
0 369 1
0 370 1
0 371 1
0 372 1
0 373 1
0 374 1
0 375 1
0 376 1
0 377 1
0 378 1
0 379 1
0 380 1
0 381 1
0 382 1
0 383 1
0 384 1
0 385 1
0 386 1
0 387 1
0 388 1
0 389 1
0 390 1
0 391 1
0 392 1
0 393 1
0 394 1
0 395 1
0 396 1
0 397 1
0 398 1
0 399 1
0 400 1
0 401 1
0 402 1
0 403 1
0 404 1
0 405 1
0 406 1
0 407 1
0 408 1
0 409 1
0 410 1
0 411 1
0 412 1
0 413 1
0 414 1
0 415 1
0 416 1
0 417 1
0 418 1
0 419 1
0 420 1
0 421 1
0 422 1
0 423 1
0 424 1
0 425 1
0 426 1
0 427 1
0 428 1
0 429 1
0 430 1
0 431 1
0 432 1
0 433 1
0 434 1
0 435 1
0 436 1
0 437 1
0 438 1
0 439 1
0 440 1
0 441 1
0 442 1
0 443 1
0 444 1
0 445 1
0 446 1
0 447 1
0 448 1
0 449 1
0 450 1
0 451 1
0 452 1
0 453 1
0 454 1
0 455 1
0 456 1
0 457 1
0 458 1
0 459 1
0 460 1
0 461 1
0 462 1
0 463 1
0 464 1
0 465 1
0 466 1
0 467 1
0 468 1
0 469 1
0 470 1
0 471 1
0 472 1
0 473 1
0 474 1
0 475 1
0 476 1
0 477 1
0 478 1
0 479 1
0 480 1
0 481 1
0 482 1
0 483 1
0 484 1
0 485 1
0 486 1
0 487 1
0 488 1
0 489 1
0 490 1
0 491 1
0 492 1
0 493 1
0 494 1
0 495 1
0 496 1
0 497 1
0 498 1
0 499 1
0 500 1
0 501 1
0 502 1
0 503 1
0 504 1
0 505 1
0 506 1
0 507 1
0 508 1
0 509 1
0 510 1
0 511 1
0 512 1
0 513 1
0 514 1
0 515 1
0 516 1
0 517 1
0 518 1
0 519 1
0 520 1
0 521 1
0 522 1
0 523 1
0 524 1
0 525 1
0 526 1
0 527 1
0 528 1
0 529 1
0 530 1
0 531 1
0 532 1
0 533 1
0 534 1
0 535 1
0 536 1
0 537 1
0 538 1
0 539 1
0 540 1
0 541 1
0 542 1
0 543 1
0 544 1
0 545 1
0 546 1
0 547 1
0 548 1
0 549 1
0 550 1
0 551 1
0 552 1
0 553 1
0 554 1
0 555 1
0 556 1
0 557 1
0 558 1
0 559 1
0 560 1
0 561 1
0 562 1
0 563 1
0 564 1
0 565 1
0 566 1
0 567 1
0 568 1
0 569 1
0 570 1
0 571 1
0 572 1
0 573 1
0 574 1
0 575 1
0 576 1
0 577 1
0 578 1
0 579 1
0 580 1
0 581 1
0 582 1
0 583 1
0 584 1
0 585 1
0 586 1
0 587 1
0 588 1
0 589 1
0 590 1
0 591 1
0 592 1
0 593 1
0 594 1
0 595 1
0 596 1
0 597 1
0 598 1
0 599 1
0 600 1
0 601 1
0 602 1
0 603 1
0 604 1
0 605 1
0 606 1
0 607 1
0 608 1
0 609 1
0 610 1
0 611 1
0 612 1
0 613 1
0 614 1
0 615 1
0 616 1
0 617 1
0 618 1
0 619 1
0 620 1
0 621 1
0 622 1
0 623 1
0 624 1
0 625 1
0 626 1
0 627 1
0 628 1
0 629 1
0 630 1
0 631 1
0 632 1
0 633 1
0 634 1
0 635 1
0 636 1
0 637 1
0 638 1
0 639 1
0 640 1
0 641 1
0 642 1
0 643 1
0 644 1
0 645 1
0 646 1
0 647 1
0 648 1
0 649 1
0 650 1
0 651 1
0 652 1
0 653 1
0 654 1
0 655 1
0 656 1
0 657 1
0 658 1
0 659 1
0 660 1
0 661 1
0 662 1
0 663 1
0 664 1
0 665 1
0 666 1
0 667 1
0 668 1
0 669 1
0 670 1
0 671 1
0 672 1
0 673 1
0 674 1
0 675 1
0 676 1
0 677 1
0 678 1
0 679 1
0 680 1
0 681 1
0 682 1
0 683 1
0 684 1
0 685 1
0 686 1
0 687 1
0 688 1
0 689 1
0 690 1
0 691 1
0 692 1
0 693 1
0 694 1
0 695 1
0 696 1
0 697 1
0 698 1
0 699 1
0 700 1
0 701 1
0 702 1
0 703 1
0 704 1
0 705 1
0 706 1
0 707 1
0 708 1
0 709 1
0 710 1
0 711 1
0 712 1
0 713 1
0 714 1
0 715 1
0 716 1
0 717 1
0 718 1
0 719 1
0 720 1
0 721 1
0 722 1
0 723 1
0 724 1
0 725 1
0 726 1
0 727 1
0 728 1
0 729 1
0 730 1
0 731 1
0 732 1
0 733 1
0 734 1
0 735 1
0 736 1
0 737 1
0 738 1
0 739 1
0 740 1
0 741 1
0 742 1
0 743 1
0 744 1
0 745 1
0 746 1
0 747 1
0 748 1
0 749 1
0 750 1
0 751 1
0 752 1
0 753 1
0 754 1
0 755 1
0 756 1
0 757 1
0 758 1
0 759 1
0 760 1
0 761 1
0 762 1
0 763 1
0 764 1
0 765 1
0 766 1
0 767 1
0 768 1
0 769 1
0 770 1
0 771 1
0 772 1
0 773 1
0 774 1
0 775 1
0 776 1
0 777 1
0 778 1
0 779 1
0 780 1
0 781 1
0 782 1
0 783 1
0 784 1
0 785 1
0 786 1
0 787 1
0 788 1
0 789 1
0 790 1
0 791 1
0 792 1
0 793 1
0 794 1
0 795 1
0 796 1
0 797 1
0 798 1
0 799 1
0 800 1
0 801 1
0 802 1
0 803 1
0 804 1
0 805 1
0 806 1
0 807 1
0 808 1
0 809 1
0 810 1
0 811 1
0 812 1
0 813 1
0 814 1
0 815 1
0 816 1
0 817 1
0 818 1
0 819 1
0 820 1
0 821 1
0 822 1
0 823 1
0 824 1
0 825 1
0 826 1
0 827 1
0 828 1
0 829 1
0 830 1
0 831 1
0 832 1
0 833 1
0 834 1
0 835 1
0 836 1
0 837 1
0 838 1
0 839 1
0 840 1
0 841 1
0 842 1
0 843 1
0 844 1
0 845 1
0 846 1
0 847 1
0 848 1
0 849 1
0 850 1
0 851 1
0 852 1
0 853 1
0 854 1
0 855 1
0 856 1
0 857 1
0 858 1
0 859 1
0 860 1
0 861 1
0 862 1
0 863 1
0 864 1
0 865 1
0 866 1
0 867 1
0 868 1
0 869 1
0 870 1
0 871 1
0 872 1
0 873 1
0 874 1
0 875 1
0 876 1
0 877 1
0 878 1
0 879 1
0 880 1
0 881 1
0 882 1
0 883 1
0 884 1
0 885 1
0 886 1
0 887 1
0 888 1
0 889 1
0 890 1
0 891 1
0 892 1
0 893 1
0 894 1
0 895 1
0 896 1
0 897 1
0 898 1
0 899 1
0 900 1
0 901 1
0 902 1
0 903 1
0 904 1
0 905 1
0 906 1
0 907 1
0 908 1
0 909 1
0 910 1
0 911 1
0 912 1
0 913 1
0 914 1
0 915 1
0 916 1
0 917 1
0 918 1
0 919 1
0 920 1
0 921 1
0 922 1
0 923 1
0 924 1
0 925 1
0 926 1
0 927 1
0 928 1
0 929 1
0 930 1
0 931 1
0 932 1
0 933 1
0 934 1
0 935 1
0 936 1
0 937 1
0 938 1
0 939 1
0 940 1
0 941 1
0 942 1
0 943 1
0 944 1
0 945 1
0 946 1
0 947 1
0 948 1
0 949 1
0 950 1
0 951 1
0 952 1
0 953 1
0 954 1
0 955 1
0 956 1
0 957 1
0 958 1
0 959 1
0 960 1
0 961 1
0 962 1
0 963 1
0 964 1
0 965 1
0 966 1
0 967 1
0 968 1
0 969 1
0 970 1
0 971 1
0 972 1
0 973 1
0 974 1
0 975 1
0 976 1
0 977 1
0 978 1
0 979 1
0 980 1
0 981 1
0 982 1
0 983 1
0 984 1
0 985 1
0 986 1
0 987 1
0 988 1
0 989 1
0 990 1
0 991 1
0 992 1
0 993 1
0 994 1
0 995 1
0 996 1
0 997 1
0 998 1
0 999 1
0 1000 1
0 1001 1
0 1002 1
0 1003 1
0 1004 1
0 1005 1
0 1006 1
0 1007 1
0 1008 1
0 1009 1
0 1010 1
0 1011 1
0 1012 1
0 1013 1
0 1014 1
0 1015 1
0 1016 1
0 1017 1
0 1018 1
0 1019 1
0 1020 1
0 1021 1
0 1022 1
0 1023 1
0 1024 1
0 1025 1
0 1026 1
0 1027 1
0 1028 1
0 1029 1
0 1030 1
0 1031 1
0 1032 1
0 1033 1
0 1034 1
0 1035 1
0 1036 1
0 1037 1
0 1038 1
0 1039 1
0 1040 1
0 1041 1
0 1042 1
0 1043 1
0 1044 1
0 1045 1
0 1046 1
0 1047 1
0 1048 1
0 1049 1
0 1050 1
0 1051 1
0 1052 1
0 1053 1
0 1054 1
0 1055 1
0 1056 1
0 1057 1
0 1058 1
0 1059 1
0 1060 1
0 1061 1
0 1062 1
0 1063 1
0 1064 1
0 1065 1
0 1066 1
0 1067 1
0 1068 1
0 1069 1
0 1070 1
0 1071 1
0 1072 1
0 1073 1
0 1074 1
0 1075 1
0 1076 1
0 1077 1
0 1078 1
0 1079 1
0 1080 1
0 1081 1
0 1082 1
0 1083 1
0 1084 1
0 1085 1
0 1086 1
0 1087 1
0 1088 1
0 1089 1
0 1090 1
0 1091 1
0 1092 1
0 1093 1
0 1094 1
0 1095 1
0 1096 1
0 1097 1
0 1098 1
0 1099 1
0 1100 1
0 1101 1
0 1102 1
0 1103 1
0 1104 1
0 1105 1
0 1106 1
0 1107 1
0 1108 1
0 1109 1
0 1110 1
0 1111 1
0 1112 1
0 1113 1
0 1114 1
0 1115 1
0 1116 1
0 1117 1
0 1118 1
0 1119 1
0 1120 1
0 1121 1
0 1122 1
0 1123 1
0 1124 1
0 1125 1
0 1126 1
0 1127 1
0 1128 1
0 1129 1
0 1130 1
0 1131 1
0 1132 1
0 1133 1
0 1134 1
0 1135 1
0 1136 1
0 1137 1
0 1138 1
0 1139 1
0 1140 1
0 1141 1
0 1142 1
0 1143 1
0 1144 1
0 1145 1
0 1146 1
0 1147 1
0 1148 1
0 1149 1
0 1150 1
0 1151 1
0 1152 1
0 1153 1
0 1154 1
0 1155 1
0 1156 1
0 1157 1
0 1158 1
0 1159 1
0 1160 1
0 1161 1
0 1162 1
0 1163 1
0 1164 1
0 1165 1
0 1166 1
0 1167 1
0 1168 1
0 1169 1
0 1170 1
0 1171 1
0 1172 1
0 1173 1
0 1174 1
0 1175 1
0 1176 1
0 1177 1
0 1178 1
0 1179 1
0 1180 1
0 1181 1
0 1182 1
0 1183 1
0 1184 1
0 1185 1
0 1186 1
0 1187 1
0 1188 1
0 1189 1
0 1190 1
0 1191 1
0 1192 1
0 1193 1
0 1194 1
0 1195 1
0 1196 1
0 1197 1
0 1198 1
0 1199 1
0 1200 1
0 1201 1
0 1202 1
0 1203 1
0 1204 1
0 1205 1
0 1206 1
0 1207 1
0 1208 1
0 1209 1
0 1210 1
0 1211 1
0 1212 1
0 1213 1
0 1214 1
0 1215 1
0 1216 1
0 1217 1
0 1218 1
0 1219 1
0 1220 1
0 1221 1
0 1222 1
0 1223 1
0 1224 1
0 1225 1
0 1226 1
0 1227 1
0 1228 1
0 1229 1
0 1230 1
0 1231 1
0 1232 1
0 1233 1
0 1234 1
0 1235 1
0 1236 1
0 1237 1
0 1238 1
0 1239 1
0 1240 1
0 1241 1
0 1242 1
0 1243 1
0 1244 1
0 1245 1
0 1246 1
0 1247 1
0 1248 1
0 1249 1
0 1250 1
0 1251 1
0 1252 1
0 1253 1
0 1254 1
0 1255 1
0 1256 1
0 1257 1
0 1258 1
0 1259 1
0 1260 1
0 1261 1
0 1262 1
0 1263 1
0 1264 1
0 1265 1
0 1266 1
0 1267 1
0 1268 1
0 1269 1
0 1270 1
0 1271 1
0 1272 1
0 1273 1
0 1274 1
0 1275 1
0 1276 1
0 1277 1
0 1278 1
0 1279 1
0 1280 1
0 1281 1
0 1282 1
0 1283 1
0 1284 1
0 1285 1
0 1286 1
0 1287 1
0 1288 1
0 1289 1
0 1290 1
0 1291 1
0 1292 1
0 1293 1
0 1294 1
0 1295 1
0 1296 1
0 1297 1
0 1298 1
0 1299 1
0 1300 1
0 1301 1
0 1302 1
0 1303 1
0 1304 1
0 1305 1
0 1306 1
0 1307 1
0 1308 1
0 1309 1
0 1310 1
0 1311 1
0 1312 1
0 1313 1
0 1314 1
0 1315 1
0 1316 1
0 1317 1
0 1318 1
0 1319 1
0 1320 1
0 1321 1
0 1322 1
0 1323 1
0 1324 1
0 1325 1
0 1326 1
0 1327 1
0 1328 1
0 1329 1
0 1330 1
0 1331 1
0 1332 1
0 1333 1
0 1334 1
0 1335 1
0 1336 1
0 1337 1
0 1338 1
0 1339 1
0 1340 1
0 1341 1
0 1342 1
0 1343 1
0 1344 1
0 1345 1
0 1346 1
0 1347 1
0 1348 1
0 1349 1
0 1350 1
0 1351 1
0 1352 1
0 1353 1
0 1354 1
0 1355 1
0 1356 1
0 1357 1
0 1358 1
0 1359 1
0 1360 1
0 1361 1
0 1362 1
0 1363 1
0 1364 1
0 1365 1
0 1366 1
0 1367 1
0 1368 1
0 1369 1
0 1370 1
0 1371 1
0 1372 1
0 1373 1
0 1374 1
0 1375 1
0 1376 1
0 1377 1
0 1378 1
0 1379 1
0 1380 1
0 1381 1
0 1382 1
0 1383 1
0 1384 1
0 1385 1
0 1386 1
0 1387 1
0 1388 1
0 1389 1
0 1390 1
0 1391 1
0 1392 1
0 1393 1
0 1394 1
0 1395 1
0 1396 1
0 1397 1
0 1398 1
0 1399 1
0 1400 1
0 1401 1
0 1402 1
0 1403 1
0 1404 1
0 1405 1
0 1406 1
0 1407 1
0 1408 1
0 1409 1
0 1410 1
0 1411 1
0 1412 1
0 1413 1
0 1414 1
0 1415 1
0 1416 1
0 1417 1
0 1418 1
0 1419 1
0 1420 1
0 1421 1
0 1422 1
0 1423 1
0 1424 1
0 1425 1
0 1426 1
0 1427 1
0 1428 1
0 1429 1
0 1430 1
0 1431 1
0 1432 1
0 1433 1
0 1434 1
0 1435 1
0 1436 1
0 1437 1
0 1438 1
0 1439 1
0 1440 1
0 1441 1
0 1442 1
0 1443 1
0 1444 1
0 1445 1
0 1446 1
0 1447 1
0 1448 1
0 1449 1
0 1450 1
0 1451 1
0 1452 1
0 1453 1
0 1454 1
0 1455 1
0 1456 1
0 1457 1
0 1458 1
0 1459 1
0 1460 1
0 1461 1
0 1462 1
0 1463 1
0 1464 1
0 1465 1
0 1466 1
0 1467 1
0 1468 1
0 1469 1
0 1470 1
0 1471 1
0 1472 1
0 1473 1
0 1474 1
0 1475 1
0 1476 1
0 1477 1
0 1478 1
0 1479 1
0 1480 1
0 1481 1
0 1482 1
0 1483 1
0 1484 1
0 1485 1
0 1486 1
0 1487 1
0 1488 1
0 1489 1
0 1490 1
0 1491 1
0 1492 1
0 1493 1
0 1494 1
0 1495 1
0 1496 1
0 1497 1
0 1498 1
0 1499 1
0 1500 1
0 1501 1
0 1502 1
0 1503 1
0 1504 1
0 1505 1
0 1506 1
0 1507 1
0 1508 1
0 1509 1
0 1510 1
0 1511 1
0 1512 1
0 1513 1
0 1514 1
0 1515 1
0 1516 1
0 1517 1
0 1518 1
0 1519 1
0 1520 1
0 1521 1
0 1522 1
0 1523 1
0 1524 1
0 1525 1
0 1526 1
0 1527 1
0 1528 1
0 1529 1
0 1530 1
0 1531 1
0 1532 1
0 1533 1
0 1534 1
0 1535 1
0 1536 1
0 1537 1
0 1538 1
0 1539 1
0 1540 1
0 1541 1
0 1542 1
0 1543 1
0 1544 1
0 1545 1
0 1546 1
0 1547 1
0 1548 1
0 1549 1
0 1550 1
0 1551 1
0 1552 1
0 1553 1
0 1554 1
0 1555 1
0 1556 1
0 1557 1
0 1558 1
0 1559 1
0 1560 1
0 1561 1
0 1562 1
0 1563 1
0 1564 1
0 1565 1
0 1566 1
0 1567 1
0 1568 1
0 1569 1
0 1570 1
0 1571 1
0 1572 1
0 1573 1
0 1574 1
0 1575 1
0 1576 1
0 1577 1
0 1578 1
0 1579 1
0 1580 1
0 1581 1
0 1582 1
0 1583 1
0 1584 1
0 1585 1
0 1586 1
0 1587 1
0 1588 1
0 1589 1
0 1590 1
0 1591 1
0 1592 1
0 1593 1
0 1594 1
0 1595 1
0 1596 1
0 1597 1
0 1598 1
0 1599 1
0 1600 1
0 1601 1
0 1602 1
0 1603 1
0 1604 1
0 1605 1
0 1606 1
0 1607 1
0 1608 1
0 1609 1
0 1610 1
0 1611 1
0 1612 1
0 1613 1
0 1614 1
0 1615 1
0 1616 1
0 1617 1
0 1618 1
0 1619 1
0 1620 1
0 1621 1
0 1622 1
0 1623 1
0 1624 1
0 1625 1
0 1626 1
0 1627 1
0 1628 1
0 1629 1
0 1630 1
0 1631 1
0 1632 1
0 1633 1
0 1634 1
0 1635 1
0 1636 1
0 1637 1
0 1638 1
0 1639 1
0 1640 1
0 1641 1
0 1642 1
0 1643 1
0 1644 1
0 1645 1
0 1646 1
0 1647 1
0 1648 1
0 1649 1
0 1650 1
0 1651 1
0 1652 1
0 1653 1
0 1654 1
0 1655 1
0 1656 1
0 1657 1
0 1658 1
0 1659 1
0 1660 1
0 1661 1
0 1662 1
0 1663 1
0 1664 1
0 1665 1
0 1666 1
0 1667 1
0 1668 1
0 1669 1
0 1670 1
0 1671 1
0 1672 1
0 1673 1
0 1674 1
0 1675 1
0 1676 1
0 1677 1
0 1678 1
0 1679 1
0 1680 1
0 1681 1
0 1682 1
0 1683 1
0 1684 1
0 1685 1
0 1686 1
0 1687 1
0 1688 1
0 1689 1
0 1690 1
0 1691 1
0 1692 1
0 1693 1
0 1694 1
0 1695 1
0 1696 1
0 1697 1
0 1698 1
0 1699 1
0 1700 1
0 1701 1
0 1702 1
0 1703 1
0 1704 1
0 1705 1
0 1706 1
0 1707 1
0 1708 1
0 1709 1
0 1710 1
0 1711 1
0 1712 1
0 1713 1
0 1714 1
0 1715 1
0 1716 1
0 1717 1
0 1718 1
0 1719 1
0 1720 1
0 1721 1
0 1722 1
0 1723 1
0 1724 1
0 1725 1
0 1726 1
0 1727 1
0 1728 1
0 1729 1
0 1730 1
0 1731 1
0 1732 1
0 1733 1
0 1734 1
0 1735 1
0 1736 1
0 1737 1
0 1738 1
0 1739 1
0 1740 1
0 1741 1
0 1742 1
0 1743 1
0 1744 1
0 1745 1
0 1746 1
0 1747 1
0 1748 1
0 1749 1
0 1750 1
0 1751 1
0 1752 1
0 1753 1
0 1754 1
0 1755 1
0 1756 1
0 1757 1
0 1758 1
0 1759 1
0 1760 1
0 1761 1
0 1762 1
0 1763 1
0 1764 1
0 1765 1
0 1766 1
0 1767 1
0 1768 1
0 1769 1
0 1770 1
0 1771 1
0 1772 1
0 1773 1
0 1774 1
0 1775 1
0 1776 1
0 1777 1
0 1778 1
0 1779 1
0 1780 1
0 1781 1
0 1782 1
0 1783 1
0 1784 1
0 1785 1
0 1786 1
0 1787 1
0 1788 1
0 1789 1
0 1790 1
0 1791 1
0 1792 1
0 1793 1
0 1794 1
0 1795 1
0 1796 1
0 1797 1
0 1798 1
0 1799 1
0 1800 1
0 1801 1
0 1802 1
0 1803 1
0 1804 1
0 1805 1
0 1806 1
0 1807 1
0 1808 1
0 1809 1
0 1810 1
0 1811 1
0 1812 1
0 1813 1
0 1814 1
0 1815 1
0 1816 1
0 1817 1
0 1818 1
0 1819 1
0 1820 1
0 1821 1
0 1822 1
0 1823 1
0 1824 1
0 1825 1
0 1826 1
0 1827 1
0 1828 1
0 1829 1
0 1830 1
0 1831 1
0 1832 1
0 1833 1
0 1834 1
0 1835 1
0 1836 1
0 1837 1
0 1838 1
0 1839 1
0 1840 1
0 1841 1
0 1842 1
0 1843 1
0 1844 1
0 1845 1
0 1846 1
0 1847 1
0 1848 1
0 1849 1
0 1850 1
0 1851 1
0 1852 1
0 1853 1
0 1854 1
0 1855 1
0 1856 1
0 1857 1
0 1858 1
0 1859 1
0 1860 1
0 1861 1
0 1862 1
0 1863 1
0 1864 1
0 1865 1
0 1866 1
0 1867 1
0 1868 1
0 1869 1
0 1870 1
0 1871 1
0 1872 1
0 1873 1
0 1874 1
0 1875 1
0 1876 1
0 1877 1
0 1878 1
0 1879 1
0 1880 1
0 1881 1
0 1882 1
0 1883 1
0 1884 1
0 1885 1
0 1886 1
0 1887 1
0 1888 1
0 1889 1
0 1890 1
0 1891 1
0 1892 1
0 1893 1
0 1894 1
0 1895 1
0 1896 1
0 1897 1
0 1898 1
0 1899 1
0 1900 1
0 1901 1
0 1902 1
0 1903 1
0 1904 1
0 1905 1
0 1906 1
0 1907 1
0 1908 1
0 1909 1
0 1910 1
0 1911 1
0 1912 1
0 1913 1
0 1914 1
0 1915 1
0 1916 1
0 1917 1
0 1918 1
0 1919 1
0 1920 1
0 1921 1
0 1922 1
0 1923 1
0 1924 1
0 1925 1
0 1926 1
0 1927 1
0 1928 1
0 1929 1
0 1930 1
0 1931 1
0 1932 1
0 1933 1
0 1934 1
0 1935 1
0 1936 1
0 1937 1
0 1938 1
0 1939 1
0 1940 1
0 1941 1
0 1942 1
0 1943 1
0 1944 1
0 1945 1
0 1946 1
0 1947 1
0 1948 1
0 1949 1
0 1950 1
0 1951 1
0 1952 1
0 1953 1
0 1954 1
0 1955 1
0 1956 1
0 1957 1
0 1958 1
0 1959 1
0 1960 1
0 1961 1
0 1962 1
0 1963 1
0 1964 1
0 1965 1
0 1966 1
0 1967 1
0 1968 1
0 1969 1
0 1970 1
0 1971 1
0 1972 1
0 1973 1
0 1974 1
0 1975 1
0 1976 1
0 1977 1
0 1978 1
0 1979 1
0 1980 1
0 1981 1
0 1982 1
0 1983 1
0 1984 1
0 1985 1
0 1986 1
0 1987 1
0 1988 1
0 1989 1
0 1990 1
0 1991 1
0 1992 1
0 1993 1
0 1994 1
0 1995 1
0 1996 1
0 1997 1
0 1998 1
0 1999 1
0 2000 1
0 2001 1
0 2002 1
0 2003 1
0 2004 1
0 2005 1
0 2006 1
0 2007 1
0 2008 1
0 2009 1
0 2010 1
0 2011 1
0 2012 1
0 2013 1
0 2014 1
0 2015 1
0 2016 1
0 2017 1
0 2018 1
0 2019 1
0 2020 1
0 2021 1
0 2022 1
0 2023 1
0 2024 1
0 2025 1
0 2026 1
0 2027 1
0 2028 1
0 2029 1
0 2030 1
0 2031 1
0 2032 1
0 2033 1
0 2034 1
0 2035 1
0 2036 1
0 2037 1
0 2038 1
0 2039 1
0 2040 1
0 2041 1
0 2042 1
0 2043 1
0 2044 1
0 2045 1
0 2046 1
0 2047 1
0 2048 1
0 2049 1
0 2050 1
0 2051 1
0 2052 1
0 2053 1
0 2054 1
0 2055 1
0 2056 1
0 2057 1
0 2058 1
0 2059 1
0 2060 1
0 2061 1
0 2062 1
0 2063 1
0 2064 1
0 2065 1
0 2066 1
0 2067 1
0 2068 1
0 2069 1
0 2070 1
0 2071 1
0 2072 1
0 2073 1
0 2074 1
0 2075 1
0 2076 1
0 2077 1
0 2078 1
0 2079 1
0 2080 1
0 2081 1
0 2082 1
0 2083 1
0 2084 1
0 2085 1
0 2086 1
0 2087 1
0 2088 1
0 2089 1
0 2090 1
0 2091 1
0 2092 1
0 2093 1
0 2094 1
0 2095 1
0 2096 1
0 2097 1
0 2098 1
0 2099 1
0 2100 1
0 2101 1
0 2102 1
0 2103 1
0 2104 1
0 2105 1
0 2106 1
0 2107 1
0 2108 1
0 2109 1
0 2110 1
0 2111 1
0 2112 1
0 2113 1
0 2114 1
0 2115 1
0 2116 1
0 2117 1
0 2118 1
0 2119 1
0 2120 1
0 2121 1
0 2122 1
0 2123 1
0 2124 1
0 2125 1
0 2126 1
0 2127 1
0 2128 1
0 2129 1
0 2130 1
0 2131 1
0 2132 1
0 2133 1
0 2134 1
0 2135 1
0 2136 1
0 2137 1
0 2138 1
0 2139 1
0 2140 1
0 2141 1
0 2142 1
0 2143 1
0 2144 1
0 2145 1
0 2146 1
0 2147 1
0 2148 1
0 2149 1
0 2150 1
0 2151 1
0 2152 1
0 2153 1
0 2154 1
0 2155 1
0 2156 1
0 2157 1
0 2158 1
0 2159 1
0 2160 1
0 2161 1
0 2162 1
0 2163 1
0 2164 1
0 2165 1
0 2166 1
0 2167 1
0 2168 1
0 2169 1
0 2170 1
0 2171 1
0 2172 1
0 2173 1
0 2174 1
0 2175 1
0 2176 1
0 2177 1
0 2178 1
0 2179 1
0 2180 1
0 2181 1
0 2182 1
0 2183 1
0 2184 1
0 2185 1
0 2186 1
0 2187 1
0 2188 1
0 2189 1
0 2190 1
0 2191 1
0 2192 1
0 2193 1
0 2194 1
0 2195 1
0 2196 1
0 2197 1
0 2198 1
0 2199 1
0 2200 1
0 2201 1
0 2202 1
0 2203 1
0 2204 1
0 2205 1
0 2206 1
0 2207 1
0 2208 1
0 2209 1
0 2210 1
0 2211 1
0 2212 1
0 2213 1
0 2214 1
0 2215 1
0 2216 1
0 2217 1
0 2218 1
0 2219 1
0 2220 1
0 2221 1
0 2222 1
0 2223 1
0 2224 1
0 2225 1
0 2226 1
0 2227 1
0 2228 1
0 2229 1
0 2230 1
0 2231 1
0 2232 1
0 2233 1
0 2234 1
0 2235 1
0 2236 1
0 2237 1
0 2238 1
0 2239 1
0 2240 1
0 2241 1
0 2242 1
0 2243 1
0 2244 1
0 2245 1
0 2246 1
0 2247 1
0 2248 1
0 2249 1
0 2250 1
0 2251 1
0 2252 1
0 2253 1
0 2254 1
0 2255 1
0 2256 1
0 2257 1
0 2258 1
0 2259 1
0 2260 1
0 2261 1
0 2262 1
0 2263 1
0 2264 1
0 2265 1
0 2266 1
0 2267 1
0 2268 1
0 2269 1
0 2270 1
0 2271 1
0 2272 1
0 2273 1
0 2274 1
0 2275 1
0 2276 1
0 2277 1
0 2278 1
0 2279 1
0 2280 1
0 2281 1
0 2282 1
0 2283 1
0 2284 1
0 2285 1
0 2286 1
0 2287 1
0 2288 1
0 2289 1
0 2290 1
0 2291 1
0 2292 1
0 2293 1
0 2294 1
0 2295 1
0 2296 1
0 2297 1
0 2298 1
0 2299 1
0 2300 1
0 2301 1
0 2302 1
0 2303 1
0 2304 1
0 2305 1
0 2306 1
0 2307 1
0 2308 1
0 2309 1
0 2310 1
0 2311 1
0 2312 1
0 2313 1
0 2314 1
0 2315 1
0 2316 1
0 2317 1
0 2318 1
0 2319 1
0 2320 1
0 2321 1
0 2322 1
0 2323 1
0 2324 1
0 2325 1
0 2326 1
0 2327 1
0 2328 1
0 2329 1
0 2330 1
0 2331 1
0 2332 1
0 2333 1
0 2334 1
0 2335 1
0 2336 1
0 2337 1
0 2338 1
0 2339 1
0 2340 1
0 2341 1
0 2342 1
0 2343 1
0 2344 1
0 2345 1
0 2346 1
0 2347 1
0 2348 1
0 2349 1
0 2350 1
0 2351 1
0 2352 1
0 2353 1
0 2354 1
0 2355 1
0 2356 1
0 2357 1
0 2358 1
0 2359 1
0 2360 1
0 2361 1
0 2362 1
0 2363 1
0 2364 1
0 2365 1
0 2366 1
0 2367 1
0 2368 1
0 2369 1
0 2370 1
0 2371 1
0 2372 1
0 2373 1
0 2374 1
0 2375 1
0 2376 1
0 2377 1
0 2378 1
0 2379 1
0 2380 1
0 2381 1
0 2382 1
0 2383 1
0 2384 1
0 2385 1
0 2386 1
0 2387 1
0 2388 1
0 2389 1
0 2390 1
0 2391 1
0 2392 1
0 2393 1
0 2394 1
0 2395 1
0 2396 1
0 2397 1
0 2398 1
0 2399 1
0 2400 1
0 2401 1
0 2402 1
0 2403 1
0 2404 1
0 2405 1
0 2406 1
0 2407 1
0 2408 1
0 2409 1
0 2410 1
0 2411 1
0 2412 1
0 2413 1
0 2414 1
0 2415 1
0 2416 1
0 2417 1
0 2418 1
0 2419 1
0 2420 1
0 2421 1
0 2422 1
0 2423 1
0 2424 1
0 2425 1
0 2426 1
0 2427 1
0 2428 1
0 2429 1
0 2430 1
0 2431 1
0 2432 1
0 2433 1
0 2434 1
0 2435 1
0 2436 1
0 2437 1
0 2438 1
0 2439 1
0 2440 1
0 2441 1
0 2442 1
0 2443 1
0 2444 1
0 2445 1
0 2446 1
0 2447 1
0 2448 1
0 2449 1
0 2450 1
0 2451 1
0 2452 1
0 2453 1
0 2454 1
0 2455 1
0 2456 1
0 2457 1
0 2458 1
0 2459 1
0 2460 1
0 2461 1
0 2462 1
0 2463 1
0 2464 1
0 2465 1
0 2466 1
0 2467 1
0 2468 1
0 2469 1
0 2470 1
0 2471 1
0 2472 1
0 2473 1
0 2474 1
0 2475 1
0 2476 1
0 2477 1
0 2478 1
0 2479 1
0 2480 1
0 2481 1
0 2482 1
0 2483 1
0 2484 1
0 2485 1
0 2486 1
0 2487 1
0 2488 1
0 2489 1
0 2490 1
0 2491 1
0 2492 1
0 2493 1
0 2494 1
0 2495 1
0 2496 1
0 2497 1
0 2498 1
0 2499 1
0 2500 1
0 2501 1
0 2502 1
0 2503 1
0 2504 1
0 2505 1
0 2506 1
0 2507 1
0 2508 1
0 2509 1
0 2510 1
0 2511 1
0 2512 1
0 2513 1
0 2514 1
0 2515 1
0 2516 1
0 2517 1
0 2518 1
0 2519 1
0 2520 1
0 2521 1
0 2522 1
0 2523 1
0 2524 1
0 2525 1
0 2526 1
0 2527 1
0 2528 1
0 2529 1
0 2530 1
0 2531 1
0 2532 1
0 2533 1
0 2534 1
0 2535 1
0 2536 1
0 2537 1
0 2538 1
0 2539 1
0 2540 1
0 2541 1
0 2542 1
0 2543 1
0 2544 1
0 2545 1
0 2546 1
0 2547 1
0 2548 1
0 2549 1
0 2550 1
0 2551 1
0 2552 1
0 2553 1
0 2554 1
0 2555 1
0 2556 1
0 2557 1
0 2558 1
0 2559 1
0 2560 1
0 2561 1
0 2562 1
0 2563 1
0 2564 1
0 2565 1
0 2566 1
0 2567 1
0 2568 1
0 2569 1
0 2570 1
0 2571 1
0 2572 1
0 2573 1
0 2574 1
0 2575 1
0 2576 1
0 2577 1
0 2578 1
0 2579 1
0 2580 1
0 2581 1
0 2582 1
0 2583 1
0 2584 1
0 2585 1
0 2586 1
0 2587 1
0 2588 1
0 2589 1
0 2590 1
0 2591 1
0 2592 1
0 2593 1
0 2594 1
0 2595 1
0 2596 1
0 2597 1
0 2598 1
0 2599 1
0 2600 1
0 2601 1
0 2602 1
0 2603 1
0 2604 1
0 2605 1
0 2606 1
0 2607 1
0 2608 1
0 2609 1
0 2610 1
0 2611 1
0 2612 1
0 2613 1
0 2614 1
0 2615 1
0 2616 1
0 2617 1
0 2618 1
0 2619 1
0 2620 1
0 2621 1
0 2622 1
0 2623 1
0 2624 1
0 2625 1
0 2626 1
0 2627 1
0 2628 1
0 2629 1
0 2630 1
0 2631 1
0 2632 1
0 2633 1
0 2634 1
0 2635 1
0 2636 1
0 2637 1
0 2638 1
0 2639 1
0 2640 1
0 2641 1
0 2642 1
0 2643 1
0 2644 1
0 2645 1
0 2646 1
0 2647 1
0 2648 1
0 2649 1
0 2650 1
0 2651 1
0 2652 1
0 2653 1
0 2654 1
0 2655 1
0 2656 1
0 2657 1
0 2658 1
0 2659 1
0 2660 1
0 2661 1
0 2662 1
0 2663 1
0 2664 1
0 2665 1
0 2666 1
0 2667 1
0 2668 1
0 2669 1
0 2670 1
0 2671 1
0 2672 1
0 2673 1
0 2674 1
0 2675 1
0 2676 1
0 2677 1
0 2678 1
0 2679 1
0 2680 1
0 2681 1
0 2682 1
0 2683 1
0 2684 1
0 2685 1
0 2686 1
0 2687 1
0 2688 1
0 2689 1
0 2690 1
0 2691 1
0 2692 1
0 2693 1
0 2694 1
0 2695 1
0 2696 1
0 2697 1
0 2698 1
0 2699 1
0 2700 1
0 2701 1
0 2702 1
0 2703 1
0 2704 1
0 2705 1
0 2706 1
0 2707 1
0 2708 1
0 2709 1
0 2710 1
0 2711 1
0 2712 1
0 2713 1
0 2714 1
0 2715 1
0 2716 1
0 2717 1
0 2718 1
0 2719 1
0 2720 1
0 2721 1
0 2722 1
0 2723 1
0 2724 1
0 2725 1
0 2726 1
0 2727 1
0 2728 1
0 2729 1
0 2730 1
0 2731 1
0 2732 1
0 2733 1
0 2734 1
0 2735 1
0 2736 1
0 2737 1
0 2738 1
0 2739 1
0 2740 1
0 2741 1
0 2742 1
0 2743 1
0 2744 1
0 2745 1
0 2746 1
0 2747 1
0 2748 1
0 2749 1
0 2750 1
0 2751 1
0 2752 1
0 2753 1
0 2754 1
0 2755 1
0 2756 1
0 2757 1
0 2758 1
0 2759 1
0 2760 1
0 2761 1
0 2762 1
0 2763 1
0 2764 1
0 2765 1
0 2766 1
0 2767 1
0 2768 1
0 2769 1
0 2770 1
0 2771 1
0 2772 1
0 2773 1
0 2774 1
0 2775 1
0 2776 1
0 2777 1
0 2778 1
0 2779 1
0 2780 1
0 2781 1
0 2782 1
0 2783 1
0 2784 1
0 2785 1
0 2786 1
0 2787 1
0 2788 1
0 2789 1
0 2790 1
0 2791 1
0 2792 1
0 2793 1
0 2794 1
0 2795 1
0 2796 1
0 2797 1
0 2798 1
0 2799 1
0 2800 1
0 2801 1
0 2802 1
0 2803 1
590 77 1
590 108 1
590 591 1
590 433 1
921 302 1
921 455 1
2256 14 1
691 168 1
691 378 1
691 291 1
691 88 1
691 38 1
691 692 1
691 1125 1
2684 2685 1
2646 378 1
432 433 1
2036 77 1
2722 16 1
2722 68 1
2553 2554 1
2019 91 2
2088 29 1
2254 2255 1
2012 764 1
612 16 1
612 77 1
612 1488 1
612 613 1
612 457 1
612 1509 1
1024 77 1
1024 1025 1
1024 90 1
1024 334 1
1335 29 1
1488 175 1
1488 29 1
1999 299 1
2422 14 1
2796 161 1
2522 2523 1
1726 1 1
2472 58 1
229 29 1
229 289 1
242 21 1
1671 38 1
2041 316 1
2246 2247 1
620 183 1
620 509 1
620 2015 1
2540 56 1
1467 56 1
1992 58 1
1685 1164 1
1685 1686 1
1745 1746 1
14 344 3
14 740 2
14 2095 1
14 125 1
14 657 1
14 2767 1
14 75 2
14 2553 1
14 1387 1
14 1492 1
14 965 1
14 18 3
14 134 6
14 1598 1
14 2440 1
14 520 1
14 2334 1
14 972 1
14 8 11
14 2039 1
14 2656 1
14 2153 1
14 1751 1
14 58 1
14 285 1
14 1855 1
14 272 2
14 230 3
14 11 2
14 915 1
14 1959 1
14 2636 1
14 85 10
14 2693 1
14 789 1
14 2154 1
14 1577 2
14 987 1
14 2273 1
14 1179 1
14 2319 1
14 2275 1
14 1002 1
14 1923 1
14 2706 1
14 2109 1
14 536 1
14 1059 1
14 108 5
14 410 1
14 359 6
14 596 1
14 1596 1
14 15 1
14 158 2
14 663 1
14 798 4
14 1297 1
14 2620 1
14 885 1
14 317 1
1139 95 1
2289 457 1
1959 1960 1
1959 123 1
514 515 1
29 60 2
29 833 1
29 1746 2
29 30 2
29 51 1
29 2432 1
29 316 2
29 2131 1
29 2149 1
29 13 1
29 978 1
29 125 1
29 2396 1
29 12 1
29 74 1
29 178 1
29 351 1
29 386 2
29 279 1
29 19 2
29 807 1
29 2321 1
29 2239 1
29 123 1
29 61 2
29 1134 1
29 739 1
29 314 1
29 219 1
29 595 1
29 1109 1
29 2267 1
29 100 1
29 1753 1
29 155 2
29 2307 1
29 31 1
29 932 1
29 1553 1
29 217 1
29 1015 1
29 809 2
29 2225 1
29 1568 1
29 14 1
29 2056 1
29 2008 1
29 326 2
29 132 1
29 1901 1
29 263 1
29 488 1
29 355 1
29 1058 2
29 960 1
29 25 23
29 65 1
29 2293 1
29 225 1
29 857 1
29 308 1
29 1590 1
29 115 1
29 2341 2
29 611 1
29 44 2
29 194 3
29 236 1
29 71 2
29 636 1
29 2223 1
29 2222 1
29 45 3
29 116 1
29 154 1
29 1925 1
29 102 3
29 56 21
29 23 3
29 32 2
29 914 1
29 2318 1
29 2322 1
29 38 1
29 2263 1
29 334 2
29 338 1
1536 77 1
1058 90 2
1644 56 1
1644 108 1
90 14 2
90 80 41
25 590 2
25 570 1
25 2495 1
25 367 2
25 2662 1
25 569 6
25 2660 1
25 2666 1
25 1733 1
25 135 1
25 18 9
25 1840 3
25 134 4
25 2472 1
25 2766 1
25 972 1
25 8 3
25 73 1
25 1451 1
25 96 1
25 124 2
25 1362 1
25 650 1
25 151 2
25 1453 1
25 2150 1
25 931 2
25 1855 1
25 909 1
25 586 1
25 156 13
25 341 5
25 933 2
25 230 7
25 240 2
25 162 1
25 310 5
25 198 1
25 246 1
25 895 1
25 2575 1
25 29 2
25 2631 1
25 1119 1
25 1644 1
25 2121 2
25 1307 1
25 1839 2
25 767 1
25 91 5
25 1002 6
25 277 8
25 545 1
25 9 4
25 626 1
25 536 1
25 1092 1
25 601 2
25 2512 1
25 2266 1
25 2711 1
25 1383 2
25 1748 1
25 2228 1
25 1902 1
25 121 1
25 359 2
25 1268 1
25 568 3
25 1250 3
25 1647 1
25 2797 1
25 1975 1
25 596 1
25 1732 1
25 679 1
25 222 2
25 1275 1
25 1561 1
25 988 1
25 446 1
25 344 13
25 1322 1
25 2579 1
25 1912 1
25 2360 1
25 1263 1
25 2678 1
25 2749 1
25 1921 1
25 1949 1
25 75 2
25 1073 1
25 1807 1
25 613 1
25 2744 1
25 2459 1
25 2305 1
25 525 1
25 1716 2
25 2021 1
25 919 1
25 2051 2
25 1171 1
25 2479 1
25 869 1
25 281 1
25 1277 1
25 646 1
25 722 1
25 619 1
25 2478 1
25 86 7
25 741 1
25 2059 1
25 1433 1
25 775 2
25 1625 1
25 2323 1
25 141 3
25 2720 2
25 85 2
25 2161 1
25 2203 1
25 1760 1
25 1196 2
25 618 1
25 1796 1
25 1361 1
25 2456 1
25 1869 1
25 2439 1
25 1835 1
25 1782 1
25 1583 1
25 1627 1
25 2759 1
25 1655 1
25 2330 1
25 312 1
25 2290 1
25 1191 1
25 354 1
25 1203 2
25 477 1
25 2002 1
25 2303 2
25 1928 1
25 995 3
25 2306 1
25 1935 1
25 885 4
25 317 6
764 2184 1
764 29 1
764 2013 1
764 786 1
764 1167 1
764 2769 1
764 765 1
764 58 1
764 2487 1
764 2492 1
764 839 1
764 851 1
764 886 1
764 2020 1
764 430 1
376 377 1
95 96 1
95 2639 1
95 1075 3
95 1447 1
95 1220 1
95 1498 3
95 29 1
95 570 1
95 785 1
95 80 10
95 1860 1
95 1140 1
2637 83 1
509 575 1
509 1746 1
509 1448 1
509 479 1
509 683 1
509 2304 1
509 908 1
509 738 1
509 2287 1
509 510 1
509 2261 1
509 288 1
509 2344 1
509 1289 1
509 620 1
509 612 1
509 2324 1
509 621 1
509 210 1
509 622 1
509 589 1
509 314 1
259 260 1
2344 123 1
617 463 1
617 410 1
273 1459 1
273 797 2
273 696 1
273 274 1
273 2286 1
273 1860 1
273 767 1
273 2009 1
273 812 1
273 1857 1
273 407 1
273 69 3
273 2718 1
273 428 1
273 1327 1
273 1072 1
273 1237 1
273 1859 5
273 2007 1
273 2172 1
273 58 3
273 775 24
273 2033 1
273 728 1
273 430 1
273 1282 1
1179 1180 1
181 979 1
181 91 1
181 2212 1
181 1293 1
181 80 1
181 2187 1
1382 123 1
1382 155 1
1382 25 1
258 259 1
1002 1404 1
1002 1003 1
1002 1631 1
1002 77 1
1002 123 1
1002 25 1
1002 95 1
1002 367 1
1002 141 1
1502 273 1
2406 45 1
68 2003 1
68 1774 2
68 29 1
68 2098 1
68 1160 1
68 1393 1
68 235 1
68 1543 1
68 817 1
68 2207 1
68 1878 1
68 640 1
68 630 1
68 69 3
68 1906 1
68 979 1
68 823 1
68 645 1
68 2734 1
68 1890 1
68 879 1
68 2233 1
68 2452 1
68 223 1
68 1713 1
68 381 1
68 1678 1
68 1252 1
68 2246 1
68 58 6
68 138 1
68 34 1
68 80 1
68 1784 1
1254 91 1
69 70 1
69 1181 1
69 417 1
69 801 3
69 2574 1
69 182 1
69 969 1
69 1913 1
69 774 1
69 723 1
69 1026 1
69 91 1
69 414 1
69 890 1
69 918 1
69 1330 1
2519 77 1
1702 1703 1
1090 1091 1
383 2794 1
383 16 1
383 85 1
383 8 4
383 320 1
383 1738 1
383 25 2
383 125 1
383 1482 1
383 87 1
383 809 1
383 832 1
383 38 1
383 334 1
383 1395 1
383 885 1
383 44 1
1977 87 1
290 1464 1
290 320 1
290 123 1
290 291 1
290 52 1
371 318 1
1318 672 1
1941 403 1
2714 123 1
2409 2410 1
2089 83 1
2400 8 1
2721 77 1
2721 273 1
1250 29 2
1250 1251 1
1647 1648 1
596 29 1
596 8 1
596 1654 1
2159 58 1
2712 2713 1
2623 77 1
543 14 1
543 32 1
543 68 1
543 2593 1
543 289 1
543 305 1
543 1 1
60 14 1
60 23 1
60 29 3
2549 108 1
1746 1572 1
1746 1578 1
1746 77 1
1746 29 1
1746 83 1
1746 169 1
1746 541 1
1614 25 1
1311 1312 1
52 228 1
52 11 2
52 132 3
52 194 1
52 30 1
52 685 1
52 161 1
52 2434 1
52 25 1
52 1020 1
52 409 1
52 1148 1
52 2271 1
52 88 2
52 178 1
52 102 2
52 56 2
52 53 1
52 34 1
52 334 1
52 1688 1
2080 2065 1
2080 1598 1
1066 850 1
1062 19 1
1062 83 1
2716 279 1
2782 187 1
1435 1436 1
2174 1 1
1854 14 1
1854 2584 1
1854 2735 1
435 21 2
911 56 1
388 389 1
1578 2241 1
1578 123 1
1269 56 1
1277 169 1
1692 38 1
1398 125 1
1697 32 1
673 25 1
1252 16 1
1325 123 1
675 77 1
2277 21 1
210 364 1
210 2069 1
210 211 1
210 2177 1
1783 81 1
1615 1607 1
457 522 1
457 2643 1
457 1118 1
457 2700 1
457 2145 1
457 1339 1
457 276 1
457 2151 1
457 866 1
457 2254 1
457 2206 1
457 857 1
457 1984 1
457 1110 1
457 2645 1
457 747 1
457 2475 1
457 398 1
457 2248 1
457 1094 1
457 2358 1
457 1773 1
457 1628 1
457 458 2
457 980 1
457 1581 1
457 1512 1
457 2194 1
457 2165 1
457 1612 1
457 2509 1
457 861 1
457 1068 1
457 997 2
457 1573 1
1338 457 1
2003 181 1
1961 168 1
1961 316 1
1637 77 1
2189 16 1
2058 123 1
1666 88 1
2173 77 1
2046 38 1
1887 29 1
2543 2544 1
2118 2119 1
1558 25 1
1600 53 1
1886 1887 1
494 130 1
1547 77 1
1302 1303 1
2530 1448 1
65 44 1
1076 56 1
172 77 1
172 636 1
1226 38 1
2293 77 1
529 77 1
1144 1145 1
2301 455 1
2301 45 1
727 2230 1
727 728 1
2485 125 1
254 255 3
1249 1164 1
754 267 1
754 1680 1
754 161 1
754 25 1
754 882 1
754 67 1
754 178 1
1413 273 1
1283 328 1
1283 108 1
694 19 1
964 14 1
1877 68 1
474 1 1
55 56 1
2387 16 1
943 19 1
1567 77 1
1305 1306 1
2444 2445 1
1704 479 1
2303 2689 1
2303 455 1
773 56 1
2740 27 1
1359 91 1
1867 1686 1
1243 169 1
1499 1500 1
1499 123 1
508 509 1
2448 2449 1
1864 1865 1
740 77 1
740 123 1
797 8 1
797 320 1
797 38 1
717 1 1
2149 77 1
2155 167 1
471 1 1
465 437 1
465 466 1
2662 572 1
2418 45 1
968 14 1
968 123 1
1955 1956 1
858 91 1
1480 95 1
1492 167 1
2100 58 1
1717 44 1
134 14 1
134 1746 1
134 2642 1
134 123 1
134 25 2
134 2644 1
134 2558 1
134 38 1
134 611 1
134 536 1
134 273 1
1866 157 1
886 389 1
800 87 1
800 43 1
2376 146 1
1247 132 1
1247 809 1
1247 2545 1
1247 1248 1
2440 77 1
1343 457 1
2609 120 1
859 273 1
823 824 1
823 25 1
1109 457 1
2274 29 1
1505 1506 1
2770 408 1
128 90 1
2597 2598 1
1617 1618 1
1617 21 1
582 583 1
114 115 1
2730 334 1
887 32 1
1431 38 1
186 25 1
186 187 1
2093 83 1
2791 58 1
586 77 1
2566 125 1
2349 77 1
2169 776 1
400 401 1
1758 1759 1
1758 1917 1
1507 1508 1
1539 56 1
1027 978 1
1220 88 1
260 261 1
1284 169 1
1414 38 1
488 489 1
822 68 1
1650 38 1
2555 132 1
2555 1070 1
2571 44 1
1520 1521 1
1373 56 1
277 16 2
277 77 1
277 8 1
277 29 2
277 151 1
277 1249 1
277 328 1
277 38 1
852 87 1
852 77 1
660 77 1
36 37 1
2421 2422 1
171 2357 1
171 155 1
2582 77 1
2327 668 1
1948 25 1
946 18 1
946 1 1
2199 1 1
1645 2054 1
1645 1646 1
1235 1236 1
322 323 1
2673 84 1
684 685 1
2633 80 1
1622 83 1
1581 1582 1
1397 19 1
2167 19 1
2167 44 1
2484 570 1
451 108 1
1975 2802 1
1975 58 1
2123 668 1
1500 14 1
1500 1873 1
2668 25 1
2638 21 1
2125 455 1
1415 29 1
1415 457 1
528 56 1
528 529 1
528 77 1
2215 2216 1
1178 14 1
1178 511 1
1207 169 1
2378 146 1
1819 58 1
1819 1953 1
1819 77 1
1663 19 1
264 265 1
829 14 1
829 77 1
2286 1064 1
1531 77 1
2760 77 1
207 38 1
841 21 1
2726 123 1
1308 691 1
846 847 1
1689 16 1
455 2499 1
455 316 1
455 142 1
455 25 1
455 56 1
455 672 1
455 169 2
455 167 5
455 38 2
455 289 1
455 1 1
455 668 1
455 1991 1
455 44 1
739 83 1
739 541 1
104 102 1
1688 1689 1
1523 56 1
2288 2289 1
2051 7 1
2051 169 1
1503 1504 1
1503 2301 1
1503 1478 1
78 389 1
78 292 1
78 79 1
2353 123 1
421 87 1
421 108 1
391 1989 1
391 215 1
391 44 1
779 88 2
646 496 1
646 2478 1
646 647 1
646 700 1
932 23 1
932 77 1
932 25 1
2617 1 1
526 963 1
526 527 1
2425 29 1
1832 289 1
1229 146 1
1509 168 1
1509 1968 1
1509 167 1
1859 58 1
1859 1164 1
1859 118 1
1859 305 1
1859 845 1
1075 56 2
1075 189 1
1075 58 1
1075 87 1
1075 48 1
1075 25 2
1075 291 1
1075 88 1
736 123 1
736 737 1
1360 25 1
1433 1 1
2750 814 1
1625 1607 1
1856 134 1
585 25 1
164 80 1
575 56 2
575 2692 1
575 576 1
575 77 1
575 83 1
575 1823 1
575 80 1
575 1444 1
2720 29 1
2720 125 1
2720 2721 1
1526 161 1
326 56 2
326 327 1
326 2284 2
326 550 1
326 38 1
792 83 1
792 1 1
2203 502 1
1069 183 1
1760 509 1
1185 1186 1
2634 403 1
2634 123 1
804 91 1
2016 1797 1
1258 1259 1
1870 44 1
1091 56 1
1091 21 1
1091 1 1
1091 1258 1
1844 543 1
1304 77 1
2456 571 1
2456 77 1
2072 2065 1
2229 56 1
2419 283 1
962 403 1
962 108 1
936 305 1
2427 340 1
1721 132 1
1721 90 1
436 437 1
70 71 1
2718 1238 1
2785 77 1
1965 1966 1
1773 68 1
1773 123 1
2330 19 1
2326 668 1
1891 25 1
215 383 1
215 132 1
215 661 1
215 718 1
215 216 1
215 2158 1
215 161 1
215 633 1
215 90 2
215 25 2
215 21 2
215 19 1
215 362 1
215 169 1
215 1881 1
215 334 1
215 160 1
510 511 1
1288 509 1
517 58 1
517 77 1
2103 58 1
2096 91 1
910 14 1
2713 334 1
653 654 1
653 77 1
1168 1169 1
476 25 1
2182 58 1
411 364 1
411 1122 1
411 77 2
411 29 1
411 90 1
411 457 1
411 589 1
404 123 1
2411 2412 1
1393 157 1
2470 293 1
481 320 1
826 2621 1
826 466 1
826 21 1
826 449 1
2426 83 1
93 7 1
1299 19 1
1840 77 1
1840 83 1
1840 642 1
1840 169 1
429 403 1
867 77 1
867 2072 1
1652 91 1
2674 27 1
2766 25 1
2250 352 1
448 123 1
844 91 1
844 71 1
844 123 1
166 167 1
2667 38 1
761 108 1
998 1960 2
998 1317 1
998 793 1
2692 8 1
1306 1106 1
2437 389 1
1137 96 1
1166 77 1
1166 169 1
1555 77 1
1555 29 3
902 1607 1
902 77 1
902 25 1
975 77 1
975 233 1
788 1 1
2547 45 1
2296 2297 1
2462 87 1
1161 1152 1
2275 2276 1
1812 44 1
1590 386 1
1590 16 1
2137 88 1
1265 1266 1
137 77 1
444 445 1
889 392 1
157 77 1
157 7 1
157 90 1
157 123 2
157 924 1
157 169 2
157 167 1
157 305 1
1770 267 1
121 122 1
24 14 1
24 195 1
24 27 1
24 2053 1
24 29 1
24 1750 1
24 25 1
24 108 1
24 33 1
24 44 1
24 694 1
24 239 1
2102 521 1
2380 123 1
1763 146 1
2681 77 1
2480 25 1
1014 2168 1
1014 29 1
2224 29 1
2517 16 1
663 77 1
663 664 1
2457 189 1
1916 14 1
2743 2456 1
50 25 1
928 929 1
2331 2332 1
2367 2368 1
768 16 1
768 83 1
768 401 1
2606 265 1
1143 1144 1
1143 2280 1
1160 38 1
2593 56 1
1421 77 1
1619 125 1
1606 56 1
1755 19 1
1162 1163 1
1504 1505 1
1530 58 1
2518 19 1
746 57 1
2459 56 1
525 19 1
525 123 1
2644 457 1
443 1598 1
443 434 2
1829 1830 1
2761 289 1
1225 77 1
2001 770 1
2001 713 1
891 413 1
1130 1131 1
2307 25 1
2043 305 1
2525 77 1
1640 80 1
670 77 1
670 123 1
604 605 1
1224 125 1
2225 21 1
1612 1607 1
330 77 1
330 885 1
2394 77 1
2438 29 1
2364 2301 1
1568 77 1
1568 29 1
1843 299 1
2771 56 1
2161 672 1
2157 362 1
1642 77 1
214 215 1
1259 1260 1
2611 58 1
2611 311 1
1328 19 1
2258 2259 1
257 258 1
257 8 1
925 926 1
2087 1706 1
1361 25 1
2206 1984 1
485 77 1
1099 1 1
2085 509 1
311 77 1
311 539 1
311 498 1
311 24 1
311 38 1
311 2715 1
311 1882 1
1737 123 2
336 2607 1
336 387 1
336 285 2
336 2779 1
336 713 1
1599 1600 1
2759 108 1
287 1975 1
287 76 1
287 123 1
287 1 1
287 288 1
287 2731 1
993 273 1
1713 1714 1
771 108 1
1830 407 1
1744 1745 1
723 362 1
723 803 1
501 8 1
501 502 1
150 123 1
2569 2570 1
1278 38 1
1116 1117 1
237 238 1
1391 77 2
1935 1936 1
275 16 1
275 897 1
275 77 1
1951 129 1
1065 14 1
1899 123 1
570 609 1
570 383 2
570 85 1
570 571 1
570 71 1
570 8 1
570 853 1
570 1519 1
570 19 2
570 1184 2
570 32 1
570 844 1
570 914 1
570 875 1
570 38 1
570 1 1
423 91 1
423 424 2
423 77 1
423 2074 2
423 83 1
423 1638 2
423 1881 1
2434 389 1
978 14 1
978 77 1
1518 570 1
367 2790 1
367 347 1
367 77 3
367 25 1
367 243 1
367 1856 1
367 38 1
569 2426 1
569 687 1
569 77 1
569 80 1
569 666 1
569 1 1
569 44 1
569 850 1
1677 68 1
1267 29 1
1267 25 1
1267 531 1
148 146 1
148 108 1
148 102 1
1455 403 1
1455 77 1
1455 83 1
2241 77 1
2241 2242 1
218 29 1
2354 283 1
2104 102 1
1597 14 2
385 25 1
385 305 1
574 347 1
574 289 1
574 44 1
574 1707 1
47 48 1
1112 1113 1
2738 229 1
2738 338 1
2577 1602 1
2024 87 1
2024 46 1
1432 123 1
2500 108 1
2589 146 1
2589 2613 1
1896 183 1
1896 403 1
1896 1897 1
1896 1 1
1438 1 1
1849 1 1
1804 1805 1
466 2270 1
466 21 1
1512 1513 1
1751 1951 1
1751 108 1
1751 457 1
2509 1513 1
1380 1381 1
1723 77 1
112 113 1
1182 8 1
623 624 1
323 324 1
1863 316 1
1194 1195 1
609 25 1
2008 1607 1
2008 953 2
246 56 1
957 1489 1
957 647 1
957 80 1
957 167 1
957 120 1
2705 1840 1
1813 320 1
1591 426 1
745 746 1
2693 56 1
1743 83 1
1743 739 1
1495 1496 1
1251 738 1
1772 267 1
1772 668 1
235 236 1
1839 1937 1
1839 328 1
2728 2729 1
2520 299 1
2255 1577 1
1008 123 1
343 25 1
1771 1003 1
1771 267 1
1771 668 1
99 100 1
2488 2489 1
1708 814 1
2475 386 1
803 123 2
803 804 1
2626 2627 1
2607 2608 1
428 403 2
428 1 1
1009 1010 1
40 41 1
40 615 1
40 1886 1
40 1357 1
40 1091 1
208 123 1
208 38 1
1371 1372 1
2491 77 1
1730 38 1
10 11 1
2390 58 1
2390 108 1
749 403 1
749 38 1
1605 38 1
1800 1801 1
2263 2065 1
762 7 1
2516 950 1
1048 146 1
1048 672 1
1048 123 1
1048 1049 1
2746 38 1
938 132 1
938 148 1
938 38 1
938 389 1
2624 44 1
1227 169 1
1921 403 1
1921 2371 1
1921 2558 1
1662 1663 1
1949 972 1
681 316 1
153 56 1
153 118 1
555 56 1
1244 56 1
1741 1742 1
607 1 1
2744 2745 1
1868 29 1
1868 21 1
996 284 1
715 716 1
369 25 1
369 370 1
393 14 1
393 189 1
393 146 1
393 378 1
393 38 1
382 56 1
382 11 2
382 25 1
787 971 1
787 815 1
787 788 1
787 38 1
2392 190 1
1761 337 1
1593 77 1
145 146 1
2441 570 1
1638 1957 1
1638 1639 1
908 90 1
908 2185 1
908 215 1
908 994 2
795 389 1
86 1607 1
86 543 1
86 911 1
86 29 1
86 1858 1
86 355 1
86 25 1
86 21 2
86 87 1
86 672 1
86 32 1
86 77 4
86 123 1
86 169 1
86 80 1
86 69 1
86 2430 1
86 160 1
815 816 1
615 87 1
615 25 1
615 273 1
615 102 1
332 320 1
1789 1790 1
1193 386 1
1193 56 1
1193 38 1
1193 1 1
2108 14 1
2398 718 1
614 29 1
614 389 1
1282 30 1
1989 34 1
1074 1075 1
201 202 1
960 85 1
960 25 1
960 12 1
1799 1800 1
1390 1391 1
2029 2030 1
2097 58 1
2735 320 1
76 56 1
76 1764 1
76 77 1
76 570 1
2803 25 1
1174 299 1
630 631 1
924 403 1
924 77 2
924 479 1
924 1 1
924 1247 1
924 1634 1
924 925 1
184 91 1
184 161 1
184 83 2
184 123 2
184 185 1
1624 123 1
1627 2802 1
1627 83 1
194 1822 1
194 316 1
194 90 1
194 21 1
194 1898 1
194 1108 1
194 32 1
194 1812 1
194 123 2
194 1602 1
194 118 1
194 289 1
194 1 1
1628 125 1
1823 823 1
1823 77 1
72 32 1
72 1911 1
72 73 1
1458 77 1
2415 798 1
2002 68 1
953 1607 1
953 91 1
953 273 1
953 712 1
1962 1958 1
2533 874 1
2533 108 1
1837 25 1
424 425 1
880 77 1
2220 19 1
2737 2738 1
486 487 1
1045 83 1
1045 1 1
2315 653 1
885 873 1
885 77 1
885 423 1
885 83 1
885 21 1
885 108 1
885 38 1
82 56 1
338 2739 1
338 641 1
338 86 1
338 1694 1
338 358 1
338 553 1
338 1952 1
338 1866 1
338 1517 1
338 589 1
2697 2698 1
2757 2738 1
1463 615 1
2455 389 1
2449 1 1
1927 1928 1
386 394 1
386 2448 1
386 387 1
386 491 1
386 632 1
386 795 1
386 840 1
386 2124 1
386 448 1
386 2476 1
386 811 1
386 1903 1
386 2397 1
386 1350 1
547 77 1
547 904 2
547 38 1
2578 123 1
2317 29 1
1506 367 1
751 58 1
2321 29 1
1653 968 1
133 68 1
133 25 1
133 457 1
185 186 1
309 383 1
309 393 1
309 58 1
309 27 1
309 1183 1
309 90 1
309 574 1
309 1 1
309 954 1
309 1353 1
309 594 1
147 672 1
147 77 1
756 757 1
756 902 1
1919 85 1
1871 403 1
352 14 2
352 278 1
352 711 1
352 29 1
352 1479 1
352 123 3
352 1 1
352 2251 1
1363 1 1
1982 77 1
1668 1440 2
1661 320 1
1661 1999 1
2795 2796 1
271 123 1
271 2551 1
124 1337 1
124 128 1
124 125 1
437 56 1
437 416 1
437 827 1
437 438 1
437 1671 1
437 123 2
437 457 1
437 668 1
437 878 1
1915 118 1
1915 1916 1
1917 44 1
107 108 1
909 305 1
997 77 1
997 123 1
997 38 2
239 312 1
239 21 1
239 156 1
2023 789 1
1727 8 1
1727 1 1
84 14 3
84 19 2
84 123 6
84 125 2
84 305 1
84 1 1
1522 1523 1
461 58 1
461 29 1
461 177 1
461 125 1
1319 161 1
356 77 1
356 169 1
356 1 1
987 90 1
2336 2337 1
67 56 1
67 21 1
67 88 1
1248 77 1
2107 2108 1
2268 1 1
765 58 1
767 355 1
767 90 1
180 1607 1
180 181 1
1006 1007 1
1197 19 1
1197 305 1
2238 29 1
1142 1143 1
2341 1572 1
2341 56 1
2341 509 1
2341 44 1
1904 403 1
1889 68 1
1691 850 1
882 77 2
1312 1313 1
1232 1233 1
709 29 1
2044 2045 1
813 691 1
191 21 1
2065 865 1
2065 2201 1
2065 365 2
2065 2264 1
2541 19 1
724 123 1
2570 44 1
1063 1064 1
1063 77 1
37 38 1
1047 85 1
1047 38 1
1971 1607 1
1971 58 1
1971 165 1
1732 77 1
2447 333 1
2576 77 1
899 900 1
769 77 1
769 8 1
769 1398 1
1172 77 1
1221 803 1
2105 814 1
2792 941 1
1350 2282 1
1350 169 1
2579 77 1
16 284 2
16 194 1
16 71 1
16 8 2
16 161 1
16 21 1
16 25 9
16 1328 1
16 305 1
16 1422 1
16 102 2
16 267 1
16 518 1
16 56 10
16 23 9
16 32 2
16 123 1
16 17 1
16 38 7
16 1 5
16 334 1
16 314 1
16 338 1
1976 167 1
1742 1743 1
1811 38 1
176 570 1
176 21 1
1208 16 1
2126 455 1
337 8 1
337 338 1
542 543 1
542 77 1
542 354 1
542 2557 1
1508 1509 1
2230 580 1
2213 2214 1
565 87 1
2647 334 1
53 23 1
53 87 2
53 30 1
53 1086 1
53 88 1
53 289 1
53 1 1
348 43 1
348 509 1
348 74 1
2751 2752 1
202 203 1
874 91 1
874 389 1
2265 44 1
2723 88 1
2060 2061 1
1134 71 1
1134 289 1
2337 25 1
1537 1538 1
1212 1851 1
1212 1213 1
3 4 1
2408 2409 1
390 391 1
597 598 1
253 77 1
253 254 1
2454 39 1
2385 38 1
1926 1631 1
365 299 1
365 56 1
365 7 2
2618 77 1
1078 8 1
1814 14 1
809 14 3
809 87 1
809 612 1
809 32 1
809 48 1
809 29 2
809 78 1
809 123 3
809 88 2
809 1 1
809 273 1
110 111 1
1474 77 1
1496 273 1
830 831 1
2269 88 1
2739 345 1
192 189 1
192 88 1
915 215 1
682 224 2
682 983 1
682 683 1
682 88 1
2366 56 1
2366 2367 1
1298 1299 1
683 364 1
683 1761 1
355 14 2
355 29 1
355 123 1
355 356 1
355 1715 1
2563 14 1
1262 25 1
1527 1528 1
713 455 1
713 108 1
713 1 1
2790 2025 2
1722 123 1
329 77 1
245 1526 1
245 32 1
245 1771 1
245 358 1
245 1558 1
245 25 1
245 169 2
2453 71 1
664 1 1
357 8 1
1190 83 1
1566 1607 1
1566 8 1
1566 1567 1
17 14 1
1332 1 1
2601 215 1
2251 56 1
1656 146 1
261 1 1
1140 88 1
2510 91 1
1052 29 1
1052 1209 1
698 19 1
633 19 1
633 125 1
633 80 1
633 273 1
2259 108 1
2195 338 1
1454 77 1
901 90 1
458 2088 1
458 43 1
458 77 1
458 459 1
1633 38 1
627 19 1
627 77 1
627 25 1
1969 167 1
2758 29 1
2754 80 1
941 87 1
941 123 1
1426 19 1
548 549 1
548 1631 1
548 392 1
548 292 1
15 16 1
647 56 1
647 77 2
647 1106 1
647 125 1
647 169 1
647 1 1
59 60 1
884 25 1
2166 206 1
1784 403 1
375 77 1
375 161 1
375 1593 1
375 509 1
2599 14 1
2599 814 1
967 16 1
1317 1024 1
1825 1826 1
1786 29 1
1769 1770 1
182 91 1
182 183 1
182 352 1
2000 455 1
221 25 1
1022 2091 1
1022 1023 1
1152 58 1
1152 68 1
1152 80 1
1152 896 1
2135 123 1
966 88 1
810 87 1
1346 1347 1
2590 2651 1
2590 1685 1
712 14 1
712 19 1
712 123 1
1348 1472 1
1348 1349 1
394 11 1
394 77 1
394 1895 1
1083 189 1
1980 167 1
1822 328 1
971 14 1
2399 2400 1
1785 1786 1
893 14 1
893 391 1
293 77 2
293 294 1
1111 19 1
1111 123 1
2237 728 1
1211 1212 1
763 189 1
763 382 1
763 30 1
763 2431 1
763 764 1
763 2436 1
763 187 1
1534 1535 1
1362 77 1
1893 123 1
1532 1533 1
1532 77 1
650 651 1
1535 91 1
2653 56 1
1855 77 1
1855 2341 1
272 19 1
272 77 1
272 455 1
272 167 1
2497 2498 1
1828 1829 1
417 805 1
417 34 1
417 418 1
1118 25 1
454 455 1
827 364 2
827 56 1
159 160 1
1167 1168 1
2769 2770 1
1064 224 1
1064 1065 1
1064 509 1
573 574 1
1686 277 1
1686 80 1
1686 94 1
1686 154 1
2676 8 1
2340 29 1
1952 77 1
291 2008 1
291 87 1
291 428 1
291 809 1
291 19 1
291 2053 1
291 904 1
291 902 1
291 108 1
291 289 1
291 88 1
291 288 1
331 8 1
1419 1420 1
821 21 1
821 88 1
361 38 1
361 351 1
2802 56 1
2802 38 1
549 2635 1
549 550 1
732 666 1
1286 1287 1
2499 1 1
2711 403 1
71 957 2
71 606 1
71 813 1
71 48 1
71 976 1
71 1793 1
71 72 1
71 307 1
71 888 1
71 913 1
71 292 1
71 594 1
71 1520 1
71 1373 1
71 1359 1
71 1135 1
71 180 1
71 347 1
71 251 1
71 184 1
71 903 1
71 877 1
71 360 1
71 589 1
1842 455 1
977 123 1
1820 44 1
2450 1711 1
1560 25 1
1560 574 1
97 1 1
349 52 1
1173 1174 1
2797 77 1
920 921 1
981 982 1
2778 56 1
2142 77 1
1188 809 1
2423 14 1
1561 1562 1
265 266 1
265 44 1
2015 672 1
677 56 2
677 27 1
677 19 1
677 123 2
677 21 1
677 95 1
677 108 1
677 120 1
1372 71 1
92 93 1
2794 83 1
780 38 1
1456 58 1
2432 77 1
632 14 1
632 1607 1
632 682 1
632 403 1
632 8 1
632 21 1
632 215 1
632 88 1
632 389 1
632 1063 1
632 1340 1
632 826 1
632 56 1
632 463 1
632 1672 1
632 123 1
632 996 1
632 38 1
632 1415 1
2383 77 1
1145 1146 1
1750 14 1
1356 77 1
1970 19 1
1970 38 1
2339 29 1
1626 1411 1
849 8 1
849 1 1
848 16 1
983 299 1
983 2696 1
19 2389 1
19 2348 1
19 1342 1
19 1618 1
19 865 1
19 632 2
19 1143 1
19 176 1
19 608 1
19 855 1
19 1559 1
19 635 1
19 2080 1
19 1400 1
19 1022 1
19 866 1
19 628 1
19 2542 1
19 87 2
19 820 1
19 2446 1
19 705 1
19 20 1
19 348 2
19 1598 1
19 867 1
19 1329 1
19 1094 2
19 468 1
19 1212 1
19 589 1
19 268 1
19 1854 1
19 1343 1
19 655 1
19 387 1
19 779 1
19 2250 1
19 563 1
19 365 1
19 670 1
19 736 2
19 1321 1
19 535 1
19 1452 1
19 735 1
19 825 1
19 440 1
19 272 1
19 2546 1
19 868 1
19 1146 1
19 1563 1
19 263 1
19 1319 1
19 1427 1
19 1166 1
19 298 3
19 2634 1
19 450 1
19 2240 1
19 719 1
19 405 1
19 624 1
19 701 1
19 276 1
19 1198 1
19 2087 1
19 629 1
19 944 1
19 2221 1
19 854 1
19 69 1
19 1300 1
19 2519 1
19 436 1
19 1513 1
19 695 1
19 248 1
19 88 1
19 980 2
19 1023 1
19 1621 1
19 627 2
19 1971 2
19 941 1
19 981 1
19 1596 1
19 158 1
19 769 2
19 1670 1
19 295 2
19 1221 1
19 297 1
19 1350 1
1387 389 1
1388 83 1
716 7 1
716 88 1
716 2538 1
2132 2133 1
667 668 1
2442 123 1
589 590 1
589 2661 1
589 1635 1
589 2454 1
589 2690 1
589 2425 1
589 1926 1
589 2444 1
589 2740 1
589 146 1
589 1873 1
589 1187 1
589 1094 1
589 1 1
589 2374 1
589 1046 1
79 80 1
1736 90 1
2160 58 1
2160 130 1
2031 2032 1
319 290 1
1217 1 1
217 1637 1
217 403 1
217 77 1
217 29 1
217 21 1
217 38 1
217 1888 1
189 1675 1
189 16 1
189 194 1
189 922 1
189 85 1
189 316 2
189 8 3
189 829 1
189 88 2
189 56 1
189 1294 1
189 58 1
189 809 1
189 190 1
189 1230 1
189 123 4
189 118 1
189 38 2
189 1156 1
189 1 1
1189 169 1
2299 2300 1
146 8 2
146 161 1
146 40 1
146 21 2
146 1461 1
146 2378 1
146 1302 1
146 2379 1
146 2377 1
146 102 2
146 56 4
146 23 1
146 66 1
146 2028 1
146 38 5
146 1 1
146 952 1
2212 29 1
504 25 1
504 38 1
504 771 1
504 273 1
1219 95 1
1777 77 1
741 742 1
2608 2160 1
1068 1069 1
1472 87 1
1472 700 1
1985 1986 1
666 95 1
666 167 1
666 667 1
666 305 1
11 1037 1
11 85 1
11 8 1
11 610 1
11 320 1
11 914 1
11 356 2
11 1041 1
11 12 1
11 1632 1
2598 38 1
2202 44 1
2152 32 1
1410 29 1
618 410 1
1803 403 1
1659 44 1
220 221 1
1468 1469 1
1210 1 1
2221 29 1
1316 77 1
1316 44 1
1768 1769 1
1418 38 1
533 8 1
2192 187 1
1966 1801 1
1826 1827 1
940 44 1
1327 16 1
2232 68 1
1471 77 1
1936 1051 1
1270 1271 1
2066 2073 1
2066 2067 1
453 77 1
1191 77 1
1734 86 1
1643 16 1
1643 58 2
1643 77 1
384 385 1
2554 58 1
2386 123 1
1648 16 1
2005 123 1
2620 437 1
1345 16 1
2231 1 1
1 2697 1
1 2552 1
1 907 1
1 2451 1
1 1797 1
1 797 1
1 2646 1
1 717 1
1 662 1
1 62 1
1 608 3
1 1364 1
1 465 1
1 471 1
1 2302 1
1 783 1
1 105 1
1 1776 1
1 826 1
1 866 1
1 1473 1
1 1335 1
1 1598 1
1 2024 1
1 2170 1
1 800 2
1 2500 1
1 394 1
1 1083 1
1 1907 1
1 655 1
1 1215 1
1 1103 1
1 2535 1
1 2086 1
1 1104 1
1 1439 1
1 1617 1
1 271 1
1 285 2
1 372 1
1 272 1
1 256 1
1 1194 1
1 622 1
1 1727 1
1 665 1
1 2078 1
1 263 1
1 442 1
1 2555 1
1 2619 1
1 1584 1
1 2296 1
1 772 1
1 273 1
1 2727 1
1 1710 1
1 98 1
1 2628 1
1 955 1
1 427 4
1 2238 1
1 106 3
1 2 1
1 1389 1
1 1121 1
1 1218 1
1 2077 1
1 470 1
1 89 2
1 946 1
1 948 1
1 482 1
1 2199 1
1 634 1
1 695 2
1 472 1
1 2521 1
1 793 1
1 449 4
1 2450 1
1 603 1
1 1023 1
1 1730 1
1 1971 1
1 1908 1
1 1147 1
1 1124 1
1 452 4
1 2493 1
1 2105 1
1 528 1
1 677 1
1 912 1
1 865 1
1 1178 1
1 176 1
1 855 1
1 1619 1
1 2210 1
1 1787 1
1 103 1
1 348 1
1 443 3
1 434 7
1 2474 1
1 1094 10
1 104 1
1 468 5
1 589 3
1 616 1
1 439 1
1 2001 1
1 799 1
1 1217 1
1 1616 1
1 460 1
1 563 2
1 1728 1
1 2618 1
1 604 1
1 1042 1
1 1219 1
1 814 1
1 497 2
1 1338 1
1 2269 1
1 1847 1
1 2702 1
1 1334 1
1 1298 1
1 789 1
1 475 1
1 624 1
1 276 7
1 1848 1
1 713 1
1 1091 1
1 220 1
1 1100 1
1 1304 1
1 1429 1
1 473 1
1 949 1
1 294 1
1 2232 1
1 1513 1
1 1105 1
1 1176 1
1 458 1
1 2124 1
1 1116 1
1 627 1
1 158 2
1 947 1
1 1214 1
1 101 1
1 375 3
1 1333 1
1333 1 1
2580 25 1
1990 77 1
2389 305 1
1774 299 1
1774 403 1
270 123 1
1850 146 1
2669 58 1
502 19 1
502 125 2
502 2597 1
1425 56 1
1824 29 1
396 146 1
396 58 1
396 19 1
396 38 1
2605 289 1
2070 2071 1
135 38 1
1110 125 1
1601 1555 1
845 2720 1
845 91 1
845 2216 1
845 52 1
845 1028 1
1401 77 1
2217 194 1
1521 161 1
520 521 1
244 61 1
244 243 1
1104 1 1
1237 125 1
1983 509 1
152 80 2
416 56 1
416 86 1
416 1775 1
416 1301 1
416 25 1
416 74 1
1639 38 1
1087 77 1
2704 403 1
1165 169 1
2242 44 1
447 386 1
1604 254 1
2136 2137 1
933 934 1
933 2326 1
933 1156 1
802 29 1
802 44 1
1330 403 1
939 940 1
922 169 1
2636 187 1
2686 56 1
840 452 1
1929 80 1
774 844 1
774 401 1
2727 52 1
594 77 1
594 29 1
1706 1709 1
1706 1560 1
117 44 1
1384 91 1
898 108 1
2402 2403 1
2257 289 1
1930 1093 1
1930 850 1
1376 38 1
2 3 1
2325 25 1
587 83 1
587 588 1
1218 77 1
1711 58 1
1711 290 1
1711 123 1
1711 154 1
1407 146 1
482 183 1
4 5 1
1858 95 1
2178 29 1
1032 156 1
1032 2169 1
1032 1033 1
1611 14 1
1611 754 1
1611 305 1
248 87 1
248 1513 1
248 249 1
2768 764 1
1922 23 1
45 939 1
45 1758 1
45 770 1
45 632 1
45 46 2
45 2417 1
45 1216 1
45 2418 1
45 1022 1
45 866 1
45 2407 1
45 2365 1
45 2419 1
45 1094 1
45 1151 1
45 1513 1
45 2548 1
45 248 2
45 374 1
45 2483 1
45 1556 1
45 252 1
45 2461 1
45 663 1
45 469 1
45 372 1
45 1557 1
45 1998 1
45 2361 1
1441 1442 1
1268 1269 1
603 16 1
506 77 1
506 636 1
1908 23 1
377 283 1
557 123 1
1313 194 1
1754 91 1
1881 16 1
1881 311 1
1881 2006 1
1385 38 1
2391 2040 1
2493 56 1
2493 23 1
2493 421 1
212 44 1
1675 1676 1
2490 96 1
600 25 1
600 38 1
873 874 1
873 169 1
873 45 1
873 1587 1
873 273 2
865 56 1
865 77 2
865 2385 1
2417 56 1
1102 1 1
1636 56 1
1569 25 1
642 58 1
642 672 1
642 77 1
1988 279 1
2177 169 1
855 25 1
855 21 1
2035 284 1
796 273 1
1897 194 1
1897 77 1
353 44 1
2151 359 1
1039 56 1
1039 1040 1
1039 167 1
1357 1358 1
1943 1944 1
1787 74 1
351 83 2
351 305 1
2004 455 1
576 577 1
1001 1002 1
193 189 1
546 304 1
441 1 1
2777 289 1
2020 169 1
1712 689 1
1156 362 1
1156 479 1
1156 2129 1
2332 668 1
2021 161 1
697 120 1
315 316 1
307 58 1
307 77 1
307 125 1
307 38 1
31 32 1
31 169 1
1133 88 1
1678 27 1
231 232 1
1517 1518 1
109 110 1
2478 364 1
2478 389 1
672 85 1
672 71 1
672 25 2
672 45 1
672 305 1
672 178 1
672 1943 1
672 56 2
672 19 2
672 798 1
672 38 1
672 1 1
672 334 1
672 336 1
2026 320 1
825 826 1
1981 691 1
1271 91 1
2201 1 1
1903 403 1
1575 56 1
591 592 1
581 38 1
2320 29 1
1573 56 1
541 14 4
541 2543 1
541 123 2
2092 768 1
2528 2529 1
753 760 1
753 1846 1
753 754 1
753 34 1
753 273 1
1394 389 1
2272 108 1
1978 85 1
1565 1566 1
2208 56 1
719 25 1
624 77 1
624 718 1
624 625 1
624 1 1
2273 123 1
433 29 1
433 1 1
267 268 1
267 1758 1
267 1175 1
267 1773 1
267 387 1
267 405 1
267 2525 1
267 1772 1
267 1633 1
267 2463 1
267 629 1
267 1771 1
267 1597 2
267 997 1
752 178 1
1246 25 1
1554 44 1
747 163 1
733 123 1
1462 52 1
2279 2280 1
1752 183 1
2732 16 1
2147 871 1
2073 2074 1
704 19 1
704 169 1
412 575 1
412 403 1
995 1394 1
995 632 1
995 2671 1
2621 56 1
1108 77 1
1108 29 1
1108 876 1
2393 2394 1
2324 167 1
1894 572 1
2318 781 1
947 1 1
2433 52 1
459 90 1
459 1315 1
819 19 1
1266 1267 1
1731 299 1
834 389 1
843 844 1
843 1881 1
2565 2566 1
30 1273 1
30 91 1
30 87 1
30 32 1
30 83 1
30 90 1
30 689 1
30 182 1
30 31 1
30 184 1
30 88 1
30 334 1
897 578 1
62 63 1
409 412 1
409 347 1
409 77 1
409 123 1
409 21 1
409 187 1
1559 455 1
1559 1560 1
2144 38 1
111 85 1
2168 305 1
1150 45 1
2111 123 1
1733 108 1
1163 1164 1
1445 123 1
2698 2699 1
2030 316 1
407 29 1
407 38 2
2179 2180 1
1794 1815 1
1794 640 1
1141 77 1
2776 1 1
2513 83 1
659 77 1
659 108 1
659 550 1
144 14 1
144 56 1
144 77 1
144 145 1
1238 91 1
1238 123 1
1238 125 1
1238 289 1
1377 1378 1
2498 455 1
2198 38 1
678 25 1
871 189 1
871 38 1
2218 2110 1
2656 77 1
2452 77 1
1439 77 1
1632 267 1
1588 27 1
985 8 1
1451 19 1
2595 1164 1
1672 1673 1
1057 29 1
1057 2342 1
1924 1247 1
1845 38 1
256 38 1
2587 2588 1
233 58 1
233 77 1
233 29 1
233 2064 1
233 123 1
233 234 1
233 184 1
233 2493 1
233 338 1
982 77 1
2180 83 1
1720 1721 1
1159 1152 1
1592 77 1
1459 314 1
2061 52 1
2619 463 1
857 298 1
857 282 1
742 77 1
742 83 1
1747 123 1
115 29 1
115 116 1
115 1 1
577 21 1
577 88 1
2006 2007 1
44 165 2
44 85 1
44 71 2
44 8 3
44 25 23
44 45 3
44 345 2
44 305 1
44 74 2
44 56 10
44 23 5
44 19 1
44 32 2
44 378 3
44 38 13
44 668 1
44 1 17
44 314 2
44 334 4
44 336 1
44 1991 1
44 338 1
905 77 1
948 1 1
781 782 1
781 541 1
1231 1232 1
2512 91 1
41 42 1
41 2143 1
2143 632 1
1779 29 1
2117 850 1
2010 2011 1
2010 2176 1
126 77 1
934 77 1
2594 77 1
1781 25 1
2642 457 1
1725 1726 1
222 56 1
222 123 1
2458 44 1
1089 38 1
297 291 1
878 1 1
1240 23 1
2130 87 1
2052 16 2
1660 370 1
2482 77 1
2348 2349 1
490 77 1
1448 56 1
1448 1449 1
1448 123 1
1448 125 1
1448 2531 1
1937 56 1
718 56 1
718 2533 1
718 23 1
718 169 1
718 52 1
718 289 2
718 38 2
718 389 1
46 499 1
46 2773 1
46 387 1
46 285 1
46 570 1
46 1326 1
46 452 1
46 47 1
46 2024 1
46 508 1
46 226 1
1681 1682 1
1836 1837 1
923 924 1
2775 146 1
1574 2188 1
1574 123 1
738 56 1
738 29 1
738 68 1
738 743 1
1665 157 1
1665 960 1
1665 1690 1
690 691 1
690 2591 1
690 18 1
690 156 1
1355 29 1
1585 2460 1
1585 1586 1
350 305 1
350 273 1
1010 90 1
2573 933 1
2664 572 1
1875 1876 1
820 29 1
965 966 1
2428 8 1
1424 157 1
2214 2215 1
118 2789 1
118 85 1
118 768 1
118 8 1
118 1454 1
118 88 1
118 1093 1
118 217 1
118 58 2
118 183 1
118 1382 1
118 2428 1
118 441 1
118 119 1
118 677 1
118 870 1
1409 1410 1
1740 58 1
935 936 1
935 2101 1
142 763 1
142 456 1
142 167 1
142 143 1
1738 305 1
2233 52 1
2724 2725 1
1918 367 1
1728 90 1
2564 2565 1
2564 2668 1
183 2256 1
183 8 1
183 25 2
183 692 1
183 1603 1
183 273 3
183 56 1
183 91 3
183 347 1
183 169 2
183 167 2
183 483 1
183 289 1
183 38 1
183 457 1
183 1 1
183 720 2
183 44 1
1862 1863 1
1762 77 1
552 305 1
552 38 1
1081 108 1
1806 29 1
2659 23 1
2659 44 1
2655 14 1
2410 2411 1
876 29 1
876 25 1
1440 58 1
1440 29 1
1440 83 1
1440 1441 1
440 118 1
2122 809 1
2122 455 1
2264 2265 1
132 1961 1
132 1679 1
132 30 1
132 90 1
132 280 2
132 636 1
132 888 1
132 758 1
132 2049 2
132 2041 1
132 56 1
132 1514 1
132 183 1
132 437 1
132 118 3
132 715 1
132 38 1
132 2601 1
132 164 1
1334 1 1
456 457 1
2042 77 1
2099 125 1
1667 1668 1
2658 125 1
701 8 1
2055 29 1
1510 77 1
1865 77 1
1067 457 1
247 19 1
806 54 1
473 305 1
1000 1075 2
1000 58 1
1000 1001 1
1000 123 1
1000 80 1
896 27 1
896 77 1
951 40 2
951 952 1
1641 1642 1
1641 21 1
1222 169 1
986 14 1
236 29 1
236 237 1
1655 1656 1
479 1749 1
479 19 1
479 1910 1
479 123 1
479 52 1
479 1472 1
479 1 1
479 288 1
479 1705 1
2091 14 1
2091 88 1
23 590 1
23 2746 1
23 632 1
23 1780 1
23 1311 1
23 1344 1
23 1695 1
23 358 1
23 1421 1
23 542 1
23 1527 1
23 1766 1
23 569 1
23 75 1
23 172 1
23 752 1
23 1382 1
23 2311 1
23 66 1
23 18 1
23 553 1
23 1601 1
23 1283 1
23 1241 1
23 1645 1
23 1238 2
23 479 1
23 24 3
23 644 1
23 292 3
23 86 3
23 548 1
23 1754 1
23 1950 1
23 2616 1
1885 77 1
1192 1193 1
505 83 1
480 481 1
1296 398 1
2675 77 1
2175 123 1
1125 29 1
1125 1164 1
1125 1126 1
496 21 1
496 1 1
1570 77 1
907 87 1
907 2200 1
1264 44 1
495 305 1
1613 46 1
1613 167 1
1364 1365 1
125 1061 1
125 1048 2
125 718 1
125 632 1
125 1344 1
125 1665 2
125 1062 1
125 392 1
125 2781 1
125 2573 1
125 149 1
125 2505 1
125 66 2
125 309 1
125 118 1
125 94 1
125 1239 1
125 468 2
125 363 1
125 1225 1
125 2392 1
125 1238 1
125 2486 1
125 551 1
125 1057 1
125 321 2
125 1399 1
125 1806 1
125 2659 1
125 666 1
125 1669 1
125 1379 1
125 2157 1
125 992 1
125 658 1
125 1390 1
125 1076 1
125 1484 1
125 163 1
125 1254 1
125 533 1
125 1641 1
125 2110 1
125 946 1
125 709 1
125 889 1
125 479 1
125 1694 2
125 1371 1
125 1095 2
125 154 1
125 2567 1
125 288 1
125 2380 1
125 1129 1
125 126 1
125 517 2
125 1243 1
125 1629 1
125 1602 1
125 653 1
125 120 2
125 677 2
2495 2496 1
2495 38 1
2292 29 1
105 106 1
1077 1075 1
1077 83 1
389 2473 2
389 27 3
389 1978 1
389 43 3
389 570 5
389 764 3
389 1667 1
389 2465 1
389 1701 1
389 58 1
389 2429 1
389 1388 1
389 2480 1
389 437 2
389 794 2
389 887 1
389 177 1
389 835 1
389 2438 1
389 38 1
389 2481 1
1149 1150 1
1149 39 1
2207 77 1
1242 44 1
1795 25 1
2365 2366 1
123 224 1
123 2372 1
123 30 1
123 725 1
123 423 2
123 2357 1
123 942 2
123 12 1
123 178 3
123 826 1
123 386 3
123 1024 1
123 149 1
123 1795 1
123 378 4
123 2135 1
123 1112 1
123 94 3
123 1892 2
123 2274 1
123 1326 1
123 271 1
123 620 1
123 2596 1
123 1723 1
123 1995 1
123 2211 1
123 2136 1
123 1012 1
123 2008 1
123 1959 1
123 2615 1
123 25 28
123 298 1
123 2336 1
123 671 1
123 2462 1
123 693 1
123 2234 1
123 742 1
123 852 2
123 2676 1
123 106 1
123 2017 1
123 2471 1
123 284 3
123 549 1
123 71 1
123 2541 1
123 45 2
123 449 2
123 154 3
123 2477 1
123 130 1
123 2491 1
123 2484 1
123 2224 1
123 452 2
123 734 1
123 1071 1
123 1048 1
123 1342 1
123 490 1
123 1030 1
123 342 2
123 1301 1
123 2040 1
123 656 1
123 1292 1
123 2080 1
123 1755 1
123 1834 1
123 1276 1
123 2782 1
123 559 1
123 66 1
123 1724 1
123 61 1
123 167 1
123 118 1
123 1094 1
123 2756 1
123 638 1
123 2285 1
123 2001 1
123 161 4
123 932 1
123 526 1
123 2799 1
123 535 1
123 492 1
123 1575 1
123 132 1
123 2138 1
123 624 1
123 2443 1
123 2016 1
123 2140 1
123 57 1
123 1446 1
123 963 1
123 267 2
123 2790 1
123 2148 1
123 558 1
123 311 1
123 1752 1
123 336 2
123 1070 1
123 1991 2
123 2110 1
123 2146 1
123 464 1
123 479 1
123 2195 1
123 1305 1
123 305 3
123 102 3
123 56 22
123 648 1
123 23 5
123 973 1
123 32 1
123 2096 1
123 2253 1
123 1391 1
123 480 1
123 1430 1
123 38 1
123 668 1
123 120 1
123 334 6
123 338 1
531 83 1
531 44 1
903 56 1
2715 2716 1
979 77 2
1199 1200 1
131 132 1
2090 2091 1
2548 25 1
1890 873 1
1103 1 1
155 56 2
155 189 1
155 32 1
155 169 1
155 38 1
155 273 1
2535 2536 1
2284 14 1
2284 123 1
1120 29 1
2772 46 1
2369 824 1
2067 167 1
699 44 1
984 985 1
2483 123 1
58 780 1
58 51 1
58 1048 1
58 316 1
58 1030 1
58 766 1
58 729 1
58 778 1
58 1834 1
58 1531 1
58 392 1
58 1024 1
58 426 3
58 1741 1
58 378 1
58 2104 1
58 118 1
58 131 1
58 1709 1
58 8 2
58 161 1
58 1153 1
58 2695 1
58 96 1
58 2612 1
58 397 1
58 1035 1
58 2704 1
58 80 2
58 233 1
58 753 1
58 2502 1
58 132 1
58 2764 1
58 1157 1
58 571 1
58 25 3
58 405 1
58 1031 2
58 1510 1
58 67 1
58 2268 1
58 267 1
58 1354 1
58 1099 1
58 1331 1
58 1468 1
58 99 1
58 584 1
58 513 1
58 587 1
58 69 1
58 2582 1
58 2670 1
58 601 1
58 917 1
58 284 1
58 1123 1
58 290 1
58 43 1
58 2583 1
58 333 1
58 1611 1
58 154 1
58 305 1
58 724 1
58 122 1
58 102 1
58 130 1
58 56 1
58 1129 1
58 23 2
58 1014 1
58 2142 1
58 731 1
58 798 4
58 59 1
58 2405 1
58 2183 1
58 411 1
58 1345 1
58 819 1
58 1 3
58 668 1
58 2792 1
58 2048 1
77 275 1
77 316 1
77 495 1
77 1088 1
77 324 2
77 937 1
77 125 3
77 2384 1
77 1425 1
77 1403 1
77 178 2
77 386 1
77 866 1
77 396 1
77 2395 1
77 612 1
77 2682 1
77 148 1
77 1050 1
77 1455 1
77 530 1
77 218 1
77 378 1
77 2100 1
77 123 15
77 574 1
77 531 1
77 1432 1
77 314 1
77 1348 1
77 364 3
77 676 1
77 244 1
77 532 1
77 1919 1
77 1983 1
77 2595 1
77 763 1
77 1117 1
77 416 1
77 114 1
77 1909 1
77 289 2
77 187 1
77 802 1
77 400 1
77 14 6
77 2719 1
77 1974 1
77 998 1
77 1507 1
77 1591 1
77 454 1
77 976 2
77 90 2
77 25 20
77 1555 1
77 2547 1
77 273 9
77 117 1
77 463 1
77 580 1
77 308 1
77 1550 1
77 1686 1
77 68 5
77 660 1
77 331 1
77 1142 1
77 587 1
77 838 1
77 44 1
77 383 1
77 41 1
77 21 6
77 790 1
77 45 1
77 793 1
77 88 11
77 1173 1
77 1367 1
77 1034 1
77 528 1
77 2382 1
77 912 1
77 16 7
77 873 1
77 632 1
77 1636 1
77 1569 1
77 1987 1
77 738 1
77 1355 1
77 87 7
77 983 1
77 350 1
77 2726 1
77 19 9
77 1875 1
77 167 4
77 1594 1
77 1548 1
77 1402 1
77 173 1
77 100 2
77 78 1
77 142 1
77 345 1
77 1715 1
77 1055 1
77 175 1
77 146 3
77 183 3
77 809 1
77 1081 1
77 2026 1
77 419 1
77 330 1
77 814 1
77 1541 1
77 1440 2
77 1872 1
77 830 1
77 169 13
77 585 1
77 614 1
77 1074 1
77 326 1
77 1841 1
77 132 1
77 682 2
77 2657 1
77 1158 1
77 276 1
77 241 1
77 850 1
77 1659 1
77 267 2
77 1226 1
77 127 1
77 806 1
77 1210 1
77 754 2
77 1316 1
77 357 1
77 1721 1
77 160 1
77 964 1
77 661 1
77 1877 1
77 27 5
77 633 1
77 636 2
77 1643 1
77 305 5
77 901 1
77 102 2
77 56 18
77 1108 1
77 32 2
77 2433 1
77 2182 1
77 486 1
77 38 16
77 1 9
77 2580 1
397 364 1
397 378 1
1498 87 3
1453 305 1
2082 27 1
1580 56 1
1580 651 1
283 284 1
283 326 1
283 370 1
283 38 2
283 206 1
283 1 1
1013 718 1
1013 291 1
2561 2581 1
2561 809 1
1223 1224 1
2551 123 1
1587 161 1
1587 1891 1
1947 1603 1
1679 23 1
1679 108 1
730 88 1
2283 326 1
278 279 1
278 1 1
1684 1685 1
2270 52 1
2064 314 1
298 14 1
298 58 1
298 1972 1
298 29 1
298 21 1
298 389 1
298 44 1
2163 123 1
2403 56 1
2355 58 1
1404 853 1
1404 750 1
2639 85 1
1879 1322 1
693 38 1
2696 1 1
427 403 1
427 77 1
427 1 2
1154 44 1
2699 457 1
2632 56 1
1033 156 1
1092 1093 1
1589 29 1
2266 320 1
1994 455 1
1202 14 1
1337 77 1
1337 1455 1
1337 2346 1
1337 389 1
22 23 1
1485 1486 1
1902 123 1
816 87 1
2494 647 1
2194 38 1
2112 2113 1
1122 58 1
842 370 1
1025 1 1
1034 58 1
2779 2780 1
1275 77 1
1551 1552 1
1071 273 1
912 316 1
912 44 1
1127 1128 1
1342 25 1
1342 38 1
2467 2468 1
1301 76 1
1301 120 1
1301 410 1
1301 1094 1
1301 2511 1
778 757 1
583 25 1
1292 1293 1
1323 100 1
2022 2023 1
2377 146 1
1805 636 1
1984 14 1
1984 21 1
66 27 1
66 2681 1
66 77 1
66 2069 1
66 2455 1
66 938 1
66 38 1
66 67 1
232 74 1
2650 77 1
616 617 1
881 16 1
1151 123 1
919 920 1
195 77 1
195 161 1
638 14 1
638 636 1
2613 1 1
387 14 1
387 364 1
387 2464 1
387 2235 1
387 215 1
1759 509 1
425 288 1
2614 123 1
2335 102 1
83 140 3
83 2371 1
83 366 2
83 1253 1
83 750 1
83 66 1
83 309 1
83 118 1
83 589 2
83 743 1
83 2590 1
83 1405 1
83 2589 1
83 144 1
83 78 1
83 908 1
83 516 1
83 602 1
83 2795 1
83 2094 1
83 2659 1
83 2093 1
83 1669 1
83 1649 1
83 1592 1
83 84 12
83 2099 1
83 1623 1
83 916 1
83 2532 1
83 1766 1
83 2381 1
83 2572 1
83 362 1
83 1747 1
83 115 1
83 924 2
83 478 1
83 1332 1
83 1283 1
83 2427 1
83 2181 1
83 1744 1
83 292 2
83 506 1
83 704 2
83 540 1
83 534 1
83 2260 1
83 2517 1
83 1499 1
83 2638 1
83 677 1
83 2665 1
83 338 1
223 155 1
786 77 1
593 38 1
1420 23 1
2271 44 1
1944 1945 1
484 132 1
2063 316 1
2463 123 1
1470 233 1
1802 403 1
1042 123 1
1036 11 1
190 191 1
190 169 1
2252 457 1
775 383 3
775 833 2
775 16 1
775 776 1
775 1414 1
775 1428 1
775 1476 1
775 636 5
775 853 1
775 1511 1
775 217 1
775 1397 1
775 386 1
775 91 1
775 1184 1
775 123 1
775 291 1
775 369 1
775 44 1
2801 305 1
1423 1424 1
430 762 1
430 58 1
430 169 1
228 229 1
2034 2035 1
2034 1247 1
571 77 1
571 426 1
571 21 1
571 44 1
770 504 1
770 668 1
770 1063 1
2138 2139 1
2333 14 1
744 294 1
652 125 1
2346 25 1
2219 1841 1
1256 1257 1
1796 659 1
1158 1159 1
1444 19 1
1444 120 1
2062 291 1
755 756 1
2245 44 1
2319 2320 1
2679 2680 1
1060 125 1
2011 873 1
1878 83 1
1861 364 1
1973 77 1
1674 125 1
1674 38 1
720 56 1
720 87 1
720 8 1
401 2569 1
401 615 1
401 402 1
401 163 1
1236 273 1
2146 77 1
2075 2076 1
2568 401 1
685 29 1
685 102 1
1105 1106 1
1020 146 1
1020 38 1
1020 44 1
2068 2126 1
2068 25 2
2068 509 1
2068 1 1
2068 2129 1
305 29 1
305 306 1
305 1284 1
305 90 1
305 1272 1
305 937 1
305 829 1
305 690 1
305 1834 1
305 1690 1
305 755 1
305 197 3
305 580 1
305 123 1
305 455 1
305 951 1
305 554 1
305 284 1
305 320 1
305 8 1
305 474 1
305 83 1
305 421 1
305 1202 1
305 1032 1
305 1643 1
305 674 2
305 58 2
305 1867 1
305 1862 1
305 77 1
305 487 1
305 32 1
305 419 1
305 557 1
305 422 1
305 910 1
305 169 1
305 80 3
305 411 2
305 156 3
305 38 2
2507 91 1
644 68 1
644 21 1
102 834 1
102 2034 1
102 16 1
102 1666 1
102 85 1
102 306 1
102 46 1
102 21 1
102 45 5
102 267 1
102 91 1
102 876 1
102 935 1
102 1 19
1003 2604 1
1003 1004 1
1169 754 1
1169 370 1
1928 320 1
1928 2599 1
2045 91 1
32 641 1
32 1412 1
32 95 3
32 1690 1
32 172 1
32 1053 1
32 87 5
32 1480 1
32 362 1
32 1722 1
32 1413 1
32 94 1
32 1641 1
32 991 1
32 2789 1
32 43 2
32 2090 1
32 352 1
32 155 1
32 21 1
32 24 3
32 88 9
32 154 1
32 189 1
32 2390 1
32 1057 1
32 1477 1
32 677 1
1477 1478 1
1477 167 1
2306 29 1
2306 334 1
737 738 1
2602 2603 1
1549 77 1
2552 14 1
2372 2373 1
2081 1709 1
35 36 1
2451 68 1
1061 125 1
2095 77 1
1043 1044 1
1043 1696 1
1479 19 1
1479 305 1
1932 38 1
2710 87 1
2300 1503 1
2014 132 1
937 58 1
937 1763 1
937 38 1
635 14 1
2287 21 1
1657 146 1
279 2526 1
279 1052 1
279 2508 1
279 2513 1
279 2516 1
279 30 1
279 2732 1
279 319 1
279 1016 1
279 391 1
279 636 1
279 280 1
279 2717 1
279 2520 1
279 707 3
279 308 1
279 856 1
279 2052 2
2666 2667 1
1579 367 1
2407 2408 1
2311 77 1
1942 672 1
1857 1093 1
705 8 1
2170 56 1
1939 1940 1
314 1896 1
314 957 1
314 880 1
314 1014 1
314 315 1
314 512 4
314 2488 1
314 1819 1
314 2362 1
314 2179 1
1907 1 1
721 91 1
721 25 1
655 843 1
655 123 1
1153 8 1
2460 45 1
758 87 1
399 77 1
1261 56 1
226 227 1
1883 27 1
2635 14 1
2506 125 1
1490 77 1
2294 2295 1
566 87 1
566 25 1
2671 2672 1
1998 125 1
1964 38 1
1995 21 1
156 14 1
156 403 1
156 1813 1
156 157 1
156 423 1
156 2065 1
156 83 1
156 21 1
156 636 1
156 324 1
156 1020 1
156 1850 1
156 2314 1
156 1152 1
156 1762 1
156 77 2
156 311 1
156 80 5
156 962 1
156 457 1
156 554 1
187 192 1
187 772 1
187 181 1
187 347 1
187 279 1
187 68 1
187 123 1
187 286 1
187 1778 1
187 1566 1
187 1545 1
187 554 1
187 393 2
187 27 1
187 787 3
187 161 1
187 636 1
187 888 1
187 1785 1
187 763 1
187 794 1
187 419 1
187 2193 1
187 2457 1
187 2561 1
187 38 1
2786 148 1
2719 8 1
2445 19 1
2297 2298 1
1358 16 1
2694 58 1
2604 2605 1
507 458 1
442 1 1
211 27 1
1324 123 1
1673 125 1
1673 80 1
1673 305 1
405 699 1
405 77 1
405 824 1
405 378 1
33 34 1
1586 161 1
1719 383 1
91 2370 1
91 417 1
91 682 2
91 2046 1
91 29 1
91 801 2
91 182 1
91 1272 1
91 764 2
91 174 1
91 772 1
91 2534 1
91 87 2
91 396 1
91 347 1
91 279 7
91 858 1
91 1382 1
91 2097 1
91 308 3
91 68 1
91 904 1
91 572 1
91 184 1
91 2047 1
91 69 5
91 1386 1
91 721 1
91 27 1
91 636 2
91 2388 1
91 58 1
91 2540 1
91 1293 1
91 2561 1
91 80 3
91 38 1
91 1255 1
91 1 2
91 187 4
91 92 1
463 14 1
463 123 3
2429 186 1
945 11 1
945 1 1
812 169 1
955 956 1
2464 389 1
1368 1369 1
2492 2493 1
824 19 1
824 320 1
824 1 1
974 975 1
1204 1205 1
1408 56 1
2793 38 1
2071 77 1
106 437 1
106 77 1
106 107 1
106 300 1
106 2175 1
1809 1509 1
470 1 1
643 77 1
643 29 1
89 8 1
89 90 1
284 1727 1
284 836 1
284 559 1
284 1038 1
284 285 1
284 769 1
284 1458 1
284 997 1
284 2507 1
284 883 1
284 849 2
284 1222 1
917 334 1
301 14 1
301 90 1
301 21 1
301 2209 1
301 108 1
1021 45 1
2734 1854 1
333 85 1
333 25 1
333 334 2
1476 77 1
2521 2522 1
790 58 1
790 68 1
790 90 1
790 123 1
790 712 1
1821 194 1
2228 2229 1
108 14 1
108 16 1
108 562 1
108 2630 1
108 1743 1
108 25 6
108 95 1
108 2775 1
108 772 1
108 273 1
108 1677 1
108 347 4
108 19 2
108 1868 1
108 123 3
108 291 1
108 2132 1
108 1653 1
108 2762 1
108 1548 1
108 1691 1
108 165 1
108 1994 1
108 698 1
108 43 1
108 161 1
108 21 2
108 1734 1
108 1611 1
108 1692 1
108 1095 1
108 215 1
108 305 2
108 1047 1
108 299 1
108 56 2
108 109 1
108 32 1
108 437 1
108 304 1
108 169 1
108 2801 1
108 38 3
108 1 1
1852 1853 1
359 56 1
359 718 1
359 1471 1
359 8 1
359 1613 1
359 2669 1
359 289 1
359 1 1
359 273 1
2477 25 1
540 1607 1
540 80 1
708 125 1
81 68 1
81 82 1
2755 123 1
784 95 1
1464 1465 1
1124 364 1
2677 14 1
592 77 1
592 320 1
2741 56 1
2742 2743 1
2361 77 1
2048 52 1
1946 84 1
1946 1947 1
1263 1264 1
1412 169 1
13 1607 1
13 14 1
13 58 1
1987 77 1
2767 77 1
2262 29 1
74 543 1
74 416 1
74 129 1
74 1374 1
74 1650 1
74 2585 1
74 1580 1
74 1309 1
74 409 1
74 75 1
74 233 1
75 76 1
75 21 1
75 38 3
75 351 1
28 29 1
2210 123 1
392 77 1
392 68 1
392 21 1
392 215 1
392 2675 1
392 1 1
392 700 1
392 44 1
392 501 1
518 519 1
1073 924 1
560 14 1
2114 2115 1
1880 1834 1
807 282 1
2305 21 1
286 189 1
2703 58 1
313 314 1
268 56 1
268 8 1
268 2359 1
268 45 1
403 998 2
403 1684 1
403 1138 1
403 937 1
403 95 1
403 1803 1
403 772 1
403 1276 1
403 347 1
403 1455 1
403 1942 1
403 68 3
403 429 1
403 572 1
403 413 7
403 69 1
403 1740 1
403 649 1
403 1794 1
403 383 3
403 661 1
403 195 1
403 428 1
403 27 1
403 1804 1
403 161 1
403 1200 1
403 532 1
403 333 1
403 1643 2
403 1802 1
403 1905 1
403 169 1
403 483 1
403 592 1
403 80 9
403 38 2
403 430 1
403 404 1
161 224 1
161 1997 1
161 250 1
161 1522 1
161 1320 1
161 25 2
161 376 1
161 373 1
161 408 2
161 95 1
161 2637 1
161 1323 1
161 2055 1
161 2022 1
161 2728 1
161 123 1
161 2793 1
161 407 1
161 44 1
161 2776 1
161 71 1
161 161 1
161 1588 1
161 58 1
161 23 1
161 1725 1
161 169 1
161 2587 1
161 38 2
161 1587 1
161 1 1
869 1 1
2435 21 1
1546 183 1
1546 1547 1
1234 1235 1
487 29 3
487 83 1
1233 1234 1
1366 77 1
1230 29 1
2672 672 1
419 777 1
419 187 3
419 420 1
2545 2039 1
1035 169 1
1035 88 1
1968 1969 1
169 1181 3
169 1208 1
169 2144 1
169 279 6
169 1514 1
169 2012 1
169 193 1
169 167 7
169 702 1
169 2043 1
169 1036 1
169 1274 1
169 2364 1
169 1223 1
169 2497 1
169 761 1
169 1228 1
169 187 3
169 753 4
169 132 4
169 1841 2
169 1166 1
169 25 5
169 853 1
169 764 5
169 95 1
169 170 2
169 774 1
169 2116 1
169 777 1
169 1006 1
169 1184 1
169 1060 1
169 688 1
169 328 1
169 1351 1
169 818 1
169 71 6
169 2178 1
169 2147 1
169 888 3
169 791 14
169 808 1
169 1278 1
169 2167 1
169 2393 1
169 251 1
169 1192 1
169 2159 1
169 1285 1
2707 2708 1
2362 2363 1
1019 52 1
1818 38 1
1572 364 1
1572 29 2
1572 457 1
2702 2703 1
2291 8 1
1379 77 1
1379 85 1
1379 1380 1
1379 90 1
2304 25 1
2084 44 1
2128 305 1
2780 125 1
2350 32 1
2140 2141 1
2572 125 1
1475 83 1
680 90 1
680 681 1
2503 677 1
1846 1 1
1846 728 1
1869 383 1
1923 403 1
524 44 1
2412 2413 1
2559 1737 1
379 380 1
870 88 1
927 56 1
661 30 1
661 25 1
661 1 1
606 607 1
2416 1945 1
1851 1106 1
1851 1852 1
1900 29 1
2290 2291 1
2074 2737 1
2074 2610 1
2074 2107 1
2074 2075 1
1200 27 1
1200 29 1
2351 58 1
2351 2571 1
1095 1096 1
1095 283 1
1095 1303 1
1095 2277 1
1095 169 1
1095 1921 1
243 244 1
243 307 1
243 38 1
262 83 1
410 25 2
410 411 2
2309 160 1
2049 8 2
56 748 1
56 1549 1
56 1570 1
56 1463 1
56 1043 2
56 766 1
56 1817 1
56 409 3
56 282 1
56 2036 1
56 2190 1
56 1077 2
56 2691 1
56 968 1
56 547 3
56 1576 3
56 612 1
56 1024 1
56 2404 1
56 1579 1
56 133 3
56 431 1
56 2171 1
56 2736 1
56 756 1
56 1896 1
56 678 1
56 1051 4
56 152 1
56 2772 1
56 2237 1
56 1117 1
56 1534 1
56 77 1
56 1280 2
56 370 1
56 166 1
56 1604 1
56 233 4
56 957 1
56 48 2
56 822 1
56 507 1
56 1555 1
56 1673 2
56 2687 1
56 2629 1
56 1384 1
56 537 3
56 1354 1
56 1008 1
56 898 1
56 39 2
56 1376 1
56 577 1
56 2162 1
56 303 1
56 513 2
56 1411 1
56 821 2
56 611 4
56 361 2
56 284 1
56 383 1
56 301 4
56 165 1
56 1009 1
56 1416 1
56 2733 1
56 2633 1
56 45 1
56 913 1
56 154 1
56 415 1
56 2494 1
56 2010 1
56 784 1
56 1341 2
56 2424 1
56 2623 1
56 2347 2
56 928 1
56 60 1
56 543 1
56 1127 1
56 1946 2
56 600 1
56 1448 3
56 1374 1
56 1301 1
56 1356 1
56 923 1
56 2624 1
56 1819 1
56 1970 2
56 542 1
56 1574 1
56 1352 1
56 1585 2
56 1276 1
56 2213 1
56 207 1
56 2647 1
56 2164 1
56 118 2
56 1409 1
56 1437 1
56 2650 1
56 556 1
56 2031 1
56 83 1
56 686 4
56 1697 1
56 217 4
56 1546 2
56 1078 1
56 2663 1
56 1029 1
56 504 2
56 330 1
56 1035 1
56 2252 1
56 615 1
56 169 2
56 2707 1
56 210 2
56 2122 2
56 575 7
56 1336 3
56 214 1
56 652 1
56 494 1
56 2658 1
56 2625 1
56 1262 1
56 57 5
56 2345 1
56 1246 1
56 1540 1
56 2503 1
56 2679 1
56 2622 1
56 637 3
56 1000 4
56 2798 1
56 1737 1
56 567 2
56 1524 1
56 1938 1
56 1052 1
56 335 1
56 2156 1
56 1270 1
56 287 2
56 1406 2
56 2037 1
56 1497 1
56 1245 1
56 2654 1
56 412 1
56 958 1
56 648 4
56 1426 1
56 1296 1
56 2602 1
56 38 1
56 120 1
56 2731 1
56 1125 1
2654 2655 1
327 328 1
1953 16 1
1596 1706 1
1596 77 1
1552 102 1
2253 457 1
38 496 1
38 921 1
38 725 3
38 30 1
38 1933 1
38 1899 1
38 2308 1
38 432 1
38 1571 1
38 1927 1
38 1443 1
38 2722 2
38 1698 1
38 1149 1
38 149 1
38 970 1
38 302 3
38 751 1
38 1717 1
38 309 8
38 94 18
38 845 1
38 1346 1
38 2590 1
38 2589 1
38 721 1
38 242 1
38 1377 1
38 1871 1
38 989 1
38 213 1
38 1363 1
38 1661 1
38 1963 1
38 763 1
38 204 1
38 620 1
38 582 1
38 1399 2
38 321 2
38 2730 1
38 566 2
38 239 1
38 136 1
38 1027 1
38 84 1
38 992 1
38 461 1
38 2158 1
38 2800 1
38 1920 1
38 1161 1
38 196 1
38 1419 1
38 872 1
38 643 2
38 1090 1
38 2774 1
38 383 2
38 781 1
38 1231 1
38 732 1
38 1286 1
38 977 1
38 208 2
38 1735 1
38 793 1
38 24 3
38 154 3
38 506 1
38 292 2
38 708 1
38 188 1
38 1693 1
38 2447 1
38 899 1
38 1500 1
38 2391 1
38 500 2
38 2652 1
38 677 3
38 269 1
38 1700 1
38 2490 1
38 632 4
38 1614 1
38 1344 2
38 2040 2
38 1227 1
38 1606 1
38 1610 1
38 1662 1
38 542 1
38 1808 1
38 1253 1
38 690 2
38 1897 1
38 1665 1
38 1626 1
38 206 1
38 750 1
38 1107 1
38 392 5
38 1053 1
38 2664 1
38 2753 1
38 66 1
38 2765 1
38 118 1
38 209 1
38 369 1
38 2174 1
38 589 2
38 638 1
38 1494 1
38 2614 1
38 402 3
38 908 2
38 1155 1
38 526 1
38 1832 1
38 2564 2
38 673 1
38 1229 1
38 484 1
38 2063 1
38 1640 1
38 1814 1
38 552 1
38 1136 1
38 814 1
38 1831 1
38 1615 1
38 541 1
38 2092 1
38 2057 1
38 1649 1
38 1379 3
38 2173 1
38 658 1
38 2563 1
38 1542 1
38 257 2
38 1475 1
38 362 1
38 1844 1
38 2803 1
38 1718 1
38 245 3
38 2485 1
38 553 1
38 924 1
38 1056 1
38 163 5
38 994 1
38 1674 2
38 1599 1
38 1386 1
38 1965 1
38 1279 1
38 479 1
38 2387 1
38 243 1
38 288 4
38 2309 1
38 2386 1
38 1288 1
38 1885 1
38 1477 1
38 548 2
38 1499 1
38 445 1
38 2420 1
38 1651 1
38 1054 1
38 1687 1
38 2599 1
1285 125 1
1997 224 1
833 146 1
833 1193 1
833 38 1
2508 305 1
828 927 1
828 169 1
725 860 1
725 647 1
725 324 1
725 863 1
725 187 1
406 215 1
316 2034 1
316 1746 1
316 632 1
316 633 2
316 2042 1
316 358 1
316 646 1
316 215 1
316 1002 1
316 1399 1
316 18 1
316 877 2
316 120 1
316 317 3
1933 1934 1
2357 1751 1
2357 38 1
1571 21 1
366 367 1
366 950 1
783 299 1
1403 25 1
178 14 1
178 90 1
178 1515 1
178 1032 1
178 21 1
178 125 1
178 88 2
178 170 1
178 273 2
178 179 1
178 19 1
178 169 5
178 38 1
178 1 1
178 1990 1
2660 8 1
2115 169 1
1701 864 1
1273 341 1
197 14 1
197 2402 1
197 123 1
197 25 1
197 88 1
149 938 1
149 280 1
149 123 1
149 150 1
2682 2683 1
1876 77 1
426 56 1
426 680 1
426 125 1
426 2741 1
426 44 2
864 865 1
864 44 1
837 77 1
94 1450 1
94 16 1
94 29 1
94 461 1
94 90 1
94 95 1
94 52 1
94 74 1
94 87 1
94 1765 1
94 68 1
94 1868 1
94 123 1
94 924 1
94 383 1
94 393 1
94 8 1
94 72 1
94 108 1
94 763 1
94 56 1
94 1189 1
94 1777 1
94 1188 1
94 1792 1
94 1605 1
94 80 1
94 1415 1
94 38 1
94 666 1
94 187 2
94 1731 1
831 832 1
1098 58 1
1906 1 1
743 744 1
743 509 1
954 77 1
954 44 1
2205 457 1
959 29 1
610 56 1
610 718 1
539 540 1
8 967 1
8 2482 1
8 16 2
8 1976 1
8 358 1
8 2155 1
8 2495 1
8 2079 1
8 542 1
8 2292 1
8 2281 1
8 569 1
8 1062 1
8 149 1
8 970 1
8 18 1
8 123 1
8 309 1
8 94 6
8 845 2
8 697 1
8 147 2
8 363 1
8 597 1
8 1082 1
8 144 3
8 2218 1
8 352 8
8 2724 1
8 646 2
8 593 1
8 1483 1
8 763 1
8 2050 1
8 2709 1
8 321 1
8 151 1
8 234 1
8 156 4
8 14 1
8 730 1
8 2641 1
8 2661 1
8 29 1
8 1185 1
8 2634 1
8 1080 1
8 2062 1
8 1870 1
8 573 1
8 2025 1
8 362 1
8 1873 1
8 39 2
8 277 1
8 1686 1
8 553 1
8 733 1
8 1154 1
8 1889 1
8 9 1
8 882 1
8 1711 1
8 2514 1
8 706 1
8 986 1
8 1079 1
8 2351 1
8 384 1
8 24 2
8 154 4
8 1704 1
8 292 1
8 1129 1
8 2390 1
8 534 1
8 548 1
8 368 1
8 2306 1
8 34 2
8 360 2
8 317 3
325 326 1
395 396 1
395 403 1
1963 167 1
2050 29 1
714 132 1
2196 77 1
2165 1603 1
489 123 1
1972 668 1
811 273 1
625 25 1
370 843 1
370 371 1
370 378 1
370 754 1
370 38 1
370 1529 1
370 1170 1
370 881 1
230 56 1
230 14 1
230 759 1
230 562 1
230 77 1
230 610 1
230 123 1
230 167 1
230 561 1
230 883 1
289 702 1
289 318 2
289 290 2
289 787 1
289 2606 1
289 296 1
289 95 4
289 293 2
289 2262 1
289 2258 1
289 2167 1
289 181 1
289 1514 2
289 714 1
289 2758 1
289 2778 1
289 2197 1
289 1833 3
289 2204 1
289 459 1
289 2217 1
289 1 1
1664 125 1
310 87 1
310 1392 1
310 90 1
310 572 1
310 1824 1
1349 19 1
1974 32 1
2502 29 1
895 83 1
976 1370 1
976 21 1
976 38 1
976 273 1
1164 58 1
1164 809 1
1164 25 1
1164 1165 1
1164 125 1
1164 1316 1
1164 38 1
1164 305 2
2800 123 1
853 56 1
853 19 1
853 77 1
853 83 1
1461 1462 1
1434 1435 1
772 58 1
772 85 1
772 1360 1
772 974 1
772 1385 1
772 294 1
170 56 1
170 125 1
170 262 1
1026 146 1
1957 1958 1
2628 123 1
1392 68 1
1703 108 1
39 56 1
39 91 1
39 247 1
39 40 1
39 1045 1
39 38 1
39 1423 1
196 197 1
2706 56 1
513 2352 1
513 86 1
513 514 1
398 14 1
398 108 1
398 399 1
1213 102 1
2077 32 1
626 19 1
1241 1242 1
605 71 1
438 1 1
1801 183 1
1801 403 1
449 183 1
449 789 1
449 370 1
449 450 1
449 2102 1
449 460 1
449 563 1
139 83 1
139 25 1
139 1548 1
692 123 2
1582 579 1
1422 39 1
1621 299 1
42 43 1
1129 83 1
1129 647 1
1129 863 1
1341 29 1
1341 1401 1
2424 589 1
1884 38 1
1602 2578 1
1602 77 1
1602 1603 1
1670 108 1
1658 123 1
34 346 2
34 35 1
34 85 1
34 530 1
34 25 1
34 908 1
34 803 1
34 589 1
34 339 1
34 1711 1
785 169 1
988 77 1
2652 2653 1
493 123 1
1646 25 1
2191 364 1
1322 14 1
1322 1880 1
1322 926 1
1912 651 1
346 2025 1
346 157 1
346 13 1
346 38 1
2360 672 1
51 52 1
51 38 1
2700 1 1
491 123 1
2678 80 1
657 38 1
750 896 1
750 601 1
750 44 1
2329 77 1
1958 14 1
1958 38 1
711 712 1
87 828 1
87 1578 1
87 403 12
87 85 2
87 29 5
87 8 5
87 570 1
87 389 3
87 91 14
87 58 3
87 53 2
87 798 1
87 254 1
87 34 1
87 80 3
87 2550 1
1514 14 1
1514 19 2
1514 45 1
707 123 1
707 893 1
707 1095 1
707 38 1
2446 87 1
1739 403 1
1329 91 1
1094 1503 1
1094 1709 1
1094 27 1
1094 43 2
1094 320 1
1094 29 1
1094 25 1
1094 1434 1
1094 88 2
1094 617 1
1094 1211 1
1094 1756 1
1094 146 1
1094 291 1
1094 1699 1
2756 2757 1
100 46 1
100 1324 1
100 1 5
776 169 1
776 1 1
799 1 1
2523 2524 1
1460 34 1
402 403 1
402 572 1
402 125 1
402 389 1
722 943 1
722 723 1
1155 1156 1
599 123 1
515 83 1
2313 690 1
1790 1791 1
1683 403 1
1715 56 1
1715 25 1
175 56 1
175 91 1
175 16 1
175 19 1
175 2205 1
1294 637 1
1294 1295 1
2773 417 1
1967 1503 1
227 52 1
1228 38 1
1705 19 1
1841 2004 1
1841 1842 1
1841 2220 1
1841 1661 1
64 25 1
868 273 1
1780 25 1
1780 2313 1
306 350 1
306 307 1
658 83 1
658 21 1
1428 102 1
1196 19 1
1196 1197 1
2282 976 1
2240 2241 1
1623 123 1
1682 1091 1
1853 672 1
1184 56 1
1184 8 1
1184 305 1
1184 1 1
2640 108 1
2439 386 1
1056 125 1
839 386 1
2798 123 1
1545 56 1
1545 58 1
294 19 1
294 123 3
294 538 1
294 44 1
1782 1783 1
1991 612 1
1991 48 1
1991 287 1
1991 431 1
1991 1574 1
27 1572 1
27 275 1
27 1679 1
27 2189 1
27 2208 1
27 1811 1
27 2586 1
27 2084 1
27 796 1
27 28 1
27 1698 1
27 2245 1
27 2019 2
27 1162 1
27 2236 1
27 2453 1
27 2083 1
27 94 1
27 1085 1
27 1545 1
27 1589 1
27 383 1
27 1021 1
27 2501 1
27 1201 1
27 1900 1
27 993 1
27 684 1
27 2388 1
27 1406 1
27 1622 1
27 251 1
27 1325 1
27 1884 1
27 1087 1
27 749 2
27 675 1
27 2539 1
27 54 1
27 564 1
27 212 1
1037 14 1
1072 285 1
2156 125 1
1040 11 1
1044 1045 1
1195 83 1
7 1152 1
7 595 1
7 8 1
7 2066 2
7 291 1
7 289 1
7 38 2
7 1466 1
1176 1177 1
636 165 1
636 403 1
636 8 1
636 29 3
636 83 2
636 25 1
636 2649 1
636 509 1
636 12 1
636 1353 1
636 56 1
636 189 1
636 23 1
636 183 1
636 1810 1
636 637 1
636 639 1
636 134 1
636 457 1
636 314 1
1315 77 1
888 1169 1
888 1018 1
888 189 2
888 891 1
888 169 1
888 288 1
888 894 1
862 718 1
2037 2038 1
2124 14 1
2124 91 1
2124 43 1
2685 2686 1
340 21 1
340 25 1
534 1199 1
534 123 1
534 1595 1
2420 2421 1
1430 1431 1
54 55 1
54 902 1
54 125 1
1054 972 1
668 632 1
668 1178 1
668 2328 1
668 2333 1
668 1772 1
668 1617 1
668 2124 1
668 883 1
668 2329 1
668 2123 1
668 2294 1
668 285 2
668 1771 1
668 669 1
668 2327 1
317 2555 1
317 1066 1
317 305 1
317 389 1
317 2504 1
317 58 1
317 2070 1
317 584 1
317 716 1
317 169 2
317 80 1
317 289 1
317 187 1
317 44 1
334 1336 1
334 600 1
334 1301 1
334 766 1
334 975 1
334 2014 1
334 1819 1
334 353 1
334 1265 1
334 584 2
334 637 1
334 2723 1
334 1000 1
334 1624 1
334 2648 1
334 335 2
334 287 1
334 72 1
334 1779 1
334 1816 1
334 1918 1
334 2714 1
334 1497 1
334 2010 1
334 2748 1
334 2243 1
334 731 1
334 2712 1
334 512 1
334 2747 1
334 120 1
1018 74 1
2473 1 2
999 1000 1
1618 19 1
1618 320 1
662 45 1
1138 14 1
1138 403 1
2752 38 1
2079 123 1
2316 123 1
1776 94 1
1340 668 1
1698 161 1
1698 1 1
1698 178 1
2542 77 1
2009 88 1
1050 38 1
302 25 1
302 38 1
302 88 1
302 187 1
2788 38 1
18 1607 1
18 27 2
18 157 1
18 90 2
18 21 2
18 938 1
18 125 1
18 2562 1
18 88 1
18 56 1
18 1993 1
18 1879 1
18 19 2
18 77 2
18 2354 1
18 1702 1
2239 215 1
2197 2198 1
1309 1310 1
2557 2558 1
950 951 1
950 1 1
2328 668 1
516 125 1
381 382 1
602 56 1
1381 91 1
883 58 1
883 1203 1
883 1973 1
2352 2353 1
462 77 1
703 16 1
703 83 1
703 169 1
2709 2710 1
285 14 1
285 16 2
285 403 1
285 29 1
285 123 2
285 337 1
285 169 1
285 108 1
285 314 1
285 187 1
2150 457 1
143 8 1
1012 1013 1
2641 455 1
759 85 1
759 757 1
759 25 1
759 1729 1
250 123 1
2631 1746 1
1695 56 1
1119 1120 1
1788 1789 1
1584 125 1
1080 77 1
266 267 1
339 77 1
339 29 1
339 169 1
1710 1711 1
2784 2785 1
1993 108 1
1484 1485 1
1873 403 1
1873 77 1
1873 2227 1
2236 56 1
2645 455 1
554 555 1
554 2533 1
554 552 1
554 245 1
554 814 1
554 2559 1
872 873 1
1838 25 1
645 580 1
2501 273 1
1416 1417 1
695 77 1
695 273 1
695 44 1
21 16 2
21 2278 1
21 562 2
21 1479 1
21 1681 1
21 206 1
21 467 1
21 1657 1
21 279 1
21 707 1
21 129 1
21 19 2
21 426 1
21 1445 1
21 2751 1
21 123 1
21 167 1
21 2226 1
21 2288 1
21 393 1
21 659 1
21 307 1
21 1914 1
21 1683 1
21 763 1
21 2186 1
21 2506 1
21 578 1
21 504 1
21 437 1
21 1580 1
21 550 1
21 80 2
21 187 3
21 1572 1
21 14 1
21 192 1
21 2705 1
21 461 2
21 25 2
21 95 2
21 772 1
21 181 2
21 347 1
21 68 5
21 177 1
21 572 2
21 163 1
21 383 1
21 27 5
21 43 1
21 790 2
21 22 1
21 2787 1
21 791 1
21 56 2
21 842 1
21 1658 1
21 1996 1
21 38 3
21 1 1
2733 718 1
674 14 1
674 169 1
2223 29 1
88 14 1
88 326 1
88 2684 1
88 355 1
88 90 2
88 423 1
88 25 7
88 52 1
88 74 1
88 273 2
88 178 2
88 19 2
88 123 6
88 200 1
88 303 1
88 167 1
88 1134 1
88 44 3
88 383 1
88 165 1
88 161 6
88 871 1
88 1481 1
88 636 1
88 1084 1
88 1553 1
88 215 1
88 305 1
88 773 1
88 56 5
88 299 1
88 1798 1
88 23 1
88 32 1
88 419 1
88 169 12
88 1568 1
88 38 5
88 289 3
88 1 4
88 334 1
2379 125 1
2181 123 1
2729 44 1
255 8 1
255 810 1
255 44 1
1620 19 1
188 167 1
1525 90 1
856 91 1
731 87 1
731 38 1
368 108 1
914 14 1
914 25 1
914 44 1
1297 1 1
1486 1487 1
2581 1921 1
503 21 1
503 108 1
930 44 1
1030 2560 1
1030 273 1
2098 83 1
1216 1 1
2536 2537 1
408 14 1
408 2771 1
408 85 1
418 187 1
1253 19 1
1253 125 1
1400 183 1
1543 1544 1
926 87 1
926 88 1
1107 52 1
2139 77 1
1807 38 1
103 100 1
1135 38 1
2164 457 1
1436 273 1
1724 1644 1
2209 1 1
434 14 1
434 435 1
434 16 1
434 444 1
434 32 1
434 100 1
434 88 1
434 1 2
1548 632 1
1548 754 1
1548 44 1
63 64 1
1437 1438 1
1815 16 1
1815 334 1
595 8 2
2285 77 1
2486 25 1
1753 768 1
1954 87 1
686 1607 1
686 58 1
686 77 3
686 8 1
1898 336 1
1553 759 1
1553 1554 1
2562 299 1
1940 80 1
961 962 1
2529 2530 1
1798 1799 1
1029 58 1
5 6 1
1136 1137 1
1274 25 1
2725 2721 1
2247 457 1
700 19 1
700 1 2
2661 8 1
2661 44 1
1146 56 1
1146 1147 1
475 476 1
1427 273 1
1295 56 1
561 14 1
1148 1149 1
1148 29 1
2249 19 1
127 29 1
2345 1337 1
238 239 1
558 77 1
414 77 1
1206 1207 1
2047 58 1
2047 167 1
1300 1301 1
2670 25 1
2110 2111 1
2110 320 1
2110 2219 1
1070 77 1
1070 1945 1
1583 146 1
2688 25 1
2310 16 1
1079 8 1
805 77 1
1369 44 1
1497 1013 1
1497 289 1
980 19 2
980 1664 1
973 528 1
2461 123 1
2600 16 1
2183 77 1
918 123 1
2526 2527 1
2469 2470 1
2371 19 1
2371 25 1
2371 123 1
1797 77 1
1797 570 1
1817 1818 1
608 2366 1
608 570 1
608 123 2
1088 1089 1
2396 169 1
1986 77 1
863 1457 1
863 864 1
2610 2611 1
467 44 1
2188 16 1
1576 14 1
1576 77 1
1576 29 1
1576 83 1
129 77 1
129 123 1
129 125 1
2404 58 1
1209 77 1
1598 2081 1
1598 487 1
1598 320 1
1598 2701 1
1598 38 1
1005 77 1
363 364 1
363 30 1
363 1 1
364 2786 1
364 268 1
364 2192 1
364 2191 1
364 344 1
364 388 1
364 27 2
364 827 2
364 1922 1
364 2027 1
364 2339 1
364 365 1
364 178 1
364 544 1
364 2760 1
364 841 1
364 1532 2
364 397 1
364 210 1
364 411 1
364 2761 1
364 1125 1
676 87 1
676 32 1
676 88 1
2689 589 1
2032 873 1
1609 53 1
532 183 1
532 83 1
2113 2114 1
1004 416 1
2468 2469 1
2027 38 1
2054 161 1
1353 29 1
1353 1164 1
1501 273 1
96 346 1
96 1138 1
96 291 1
96 38 1
96 12 1
1117 1100 3
2527 2528 1
2007 2152 1
2007 1529 1
151 278 1
151 19 1
151 85 1
151 1 1
321 1767 1
321 672 1
321 77 1
321 322 1
321 1992 1
1399 19 1
1399 21 1
1399 1809 1
1399 2130 1
1557 38 1
735 77 1
1909 703 1
1478 77 1
1478 118 1
341 108 2
341 80 3
341 1314 1
162 14 1
2120 25 1
136 137 1
113 77 1
665 125 1
2575 2576 1
48 124 1
48 77 1
48 86 1
48 49 1
48 512 1
48 282 1
48 88 1
992 2272 1
992 108 1
2158 8 1
2158 305 1
2078 8 1
1041 1 2
2629 44 1
1017 178 1
537 984 1
537 571 1
537 294 1
1449 1450 1
1910 334 1
225 29 1
225 45 1
584 58 1
584 183 1
584 77 1
584 2673 1
177 462 1
177 814 1
177 178 1
640 85 1
640 29 1
640 1613 1
640 334 1
1411 18 1
1411 44 1
1121 411 1
611 175 1
611 612 1
611 77 2
611 80 1
611 1794 1
1085 53 1
536 56 1
536 2160 1
536 27 1
706 21 1
1123 44 1
2018 27 1
43 56 1
43 349 1
43 299 1
43 390 1
43 58 1
43 792 1
43 19 2
43 29 1
43 46 1
43 83 1
43 25 2
43 2125 1
43 1 3
43 44 1
1016 1017 1
1201 305 1
1201 44 1
2583 378 1
2683 56 1
2585 614 1
2787 2788 1
2489 38 1
2280 320 1
2280 2399 1
2134 123 1
154 2609 1
154 29 1
154 25 1
154 52 1
154 88 1
154 56 1
154 58 1
154 183 1
154 77 2
154 169 1
154 80 1
154 167 1
154 69 1
154 38 1
154 2458 1
154 44 1
415 416 1
415 689 1
1925 718 1
1023 364 1
1023 14 1
1023 945 1
1631 2356 1
1631 85 1
1631 282 1
1631 38 1
1396 77 1
1608 1607 1
138 139 1
138 44 1
1007 77 1
1629 1630 1
452 485 1
452 770 1
452 632 1
452 68 1
452 570 1
452 285 1
452 1788 1
452 465 1
452 450 1
1049 58 1
1654 123 1
2347 1469 1
2347 77 1
119 120 1
2783 2784 1
446 447 1
1450 56 1
1450 38 1
1469 1470 1
1469 2594 1
2584 123 1
562 56 1
562 299 1
562 183 1
562 77 1
562 38 1
1011 123 1
2359 541 1
1101 1102 1
2524 123 1
1511 38 1
2281 85 1
2261 183 1
2534 809 1
1347 1348 1
1053 647 1
1053 457 1
2781 19 1
1183 169 1
1186 83 1
1442 299 1
875 102 1
2185 21 2
1874 403 1
61 7 1
61 1 1
61 1039 1
61 334 1
2083 27 1
2474 108 1
2474 389 1
1827 1828 1
173 167 1
1709 77 1
1709 2082 1
1709 790 1
1709 457 1
1635 375 1
2789 32 1
2789 90 1
216 29 1
2039 38 1
2039 554 1
1417 1418 1
2479 389 1
2133 362 1
1131 1132 1
281 85 1
281 367 1
2127 305 1
2799 38 1
299 284 1
299 267 2
299 56 2
299 19 1
299 71 1
299 25 1
299 38 4
299 1 8
2663 38 1
2094 14 1
1810 77 1
1291 123 1
1452 123 1
492 493 1
1303 1095 1
1303 102 1
497 745 1
497 311 1
6 7 1
1336 403 1
1336 77 1
1336 1337 1
1336 25 1
1336 108 1
1336 102 1
2630 25 1
2295 1 1
2013 294 1
1630 1607 1
2154 8 1
2625 2626 1
2443 509 1
2129 77 1
2129 2163 1
850 2118 1
850 83 1
850 108 1
850 2577 1
850 1985 1
850 389 1
1446 77 1
777 123 1
777 273 1
347 56 2
347 14 2
347 91 1
347 19 2
347 85 1
347 71 1
347 123 1
347 125 1
347 74 1
347 102 1
1331 83 1
523 524 1
854 19 1
2762 2763 1
1351 44 1
2648 56 1
1386 14 1
1386 29 1
2544 52 1
818 298 1
335 194 1
335 355 1
335 423 1
335 38 1
312 2317 1
312 313 1
521 2103 1
521 457 1
477 83 1
122 123 2
958 959 1
1767 1768 1
2356 123 1
49 50 1
158 1038 1
158 25 1
158 156 1
158 159 1
158 1111 1
2405 757 1
445 123 1
445 52 1
1651 1652 1
360 503 1
360 8 1
360 123 1
360 764 1
726 727 1
892 893 1
2370 1960 1
748 91 1
522 523 1
1181 1244 1
1181 85 1
1181 1182 1
1181 1020 1
2708 83 1
2537 25 1
519 14 1
2308 56 1
942 2611 1
942 722 1
1339 686 1
2302 455 1
2690 77 1
970 56 1
970 273 1
20 21 1
1046 1047 1
906 403 1
2496 169 1
972 77 2
972 527 1
972 2435 1
1215 102 1
527 23 1
527 146 1
2235 27 1
73 125 1
73 44 1
1516 83 1
1482 273 1
1097 1098 1
1321 77 1
2596 502 1
469 1 1
372 364 1
372 88 1
2436 2437 1
1833 1846 1
1833 1845 1
1833 34 1
1375 56 1
622 623 1
622 389 1
1669 108 1
1669 502 1
2312 14 1
1680 21 1
198 199 1
1157 77 1
2184 1577 1
2615 44 1
1577 183 1
1577 29 1
1577 169 1
1577 509 1
2121 56 1
2121 53 1
1603 56 1
1603 1267 2
1603 2166 1
817 672 1
1756 1757 1
308 1536 1
308 636 1
308 38 2
308 1 1
308 1537 1
944 945 1
2244 77 1
688 175 1
572 16 1
572 859 1
572 77 1
572 1565 1
572 29 1
572 157 1
572 83 1
572 123 1
572 334 1
572 44 1
1389 125 1
300 56 1
838 389 1
2017 2018 1
9 10 1
9 29 1
9 201 1
9 80 1
9 26 1
588 60 1
1395 1396 1
2471 25 1
1489 85 1
165 648 1
165 999 1
165 165 1
165 66 1
165 287 1
165 686 1
165 1011 1
165 2117 1
165 360 1
165 57 1
836 56 1
836 837 1
929 930 1
1383 487 1
1383 123 1
634 43 1
1038 691 1
1038 273 1
2591 2592 1
2176 509 1
1735 1736 1
900 77 1
116 77 1
116 29 1
2401 8 1
1126 52 1
1595 431 1
568 77 1
568 29 1
568 2694 1
130 58 2
130 77 1
130 123 1
292 1067 1
292 56 1
292 19 1
292 2754 1
292 320 1
292 1564 1
292 25 1
292 332 1
292 88 1
292 38 1
292 289 1
1905 403 1
687 680 1
2476 285 1
1187 809 1
1132 1133 1
2028 1607 1
249 161 1
2616 2617 1
1374 324 1
1374 1375 1
2106 535 1
2040 87 1
2040 77 1
2040 169 1
2040 2112 1
1515 1516 1
2574 25 1
2276 1095 1
1808 562 1
1093 194 1
1093 25 1
1093 951 1
1093 1931 1
1834 2065 1
1834 21 1
1834 455 1
1834 314 1
2368 2369 1
1765 83 1
757 132 1
757 19 1
757 85 1
757 215 1
2765 44 1
1778 29 1
1594 534 1
167 1961 1
167 2312 1
167 29 1
167 1934 1
167 2128 1
167 2316 1
167 2350 1
167 1039 2
167 2116 1
167 168 1
167 279 1
167 123 1
167 184 2
167 171 1
167 2325 1
167 167 1
167 69 1
167 2310 1
167 1977 1
167 1980 1
167 1460 1
167 636 1
167 888 2
167 2127 1
167 793 1
167 2068 6
167 2401 1
167 2338 2
167 102 1
167 189 1
167 1493 1
167 672 1
167 437 1
167 1967 1
167 1981 1
167 1964 1
167 38 1
167 2120 1
209 56 1
2248 2249 1
894 25 1
1676 77 1
1676 108 1
2334 2335 1
1082 1 1
320 1607 1
320 383 1
320 91 2
320 58 1
320 85 2
320 8 3
320 25 4
320 798 2
320 1148 1
320 38 2
320 1 2
320 1929 1
320 389 1
320 178 1
1177 77 1
1086 364 1
1616 1 1
2745 8 1
710 29 1
460 87 1
460 123 1
460 21 1
460 38 1
1365 1366 1
551 21 1
1556 1555 1
578 56 1
578 579 1
1564 21 1
1541 38 1
1792 21 1
2193 457 1
1872 44 1
2747 77 1
1491 14 1
141 183 1
141 142 1
141 283 1
141 305 1
1529 1530 1
1529 953 1
1707 1708 1
1696 69 1
2056 38 1
1847 1 1
2546 452 1
1538 1539 1
1175 1 1
2763 58 1
2657 382 1
2216 2257 1
2216 88 1
1563 44 1
789 364 1
789 46 1
789 790 1
789 389 1
2532 123 1
2200 19 1
241 44 1
2116 25 1
2116 1559 1
1690 18 1
1690 108 1
1690 457 1
1198 77 1
2680 25 1
1882 598 1
1848 1 1
420 316 1
57 1141 1
57 14 1
57 58 1
57 19 1
57 77 3
57 18 1
57 21 1
57 80 1
57 457 1
57 231 1
57 317 1
2148 40 1
362 58 1
362 2414 1
362 2351 1
362 2791 1
362 52 1
362 2677 1
362 215 2
362 2134 1
362 120 1
362 363 1
1718 1719 1
904 1896 1
904 83 2
904 169 1
990 44 1
328 56 1
328 809 1
328 77 1
328 329 1
328 1197 1
328 25 1
328 1823 1
163 299 1
163 503 1
163 809 2
163 29 2
163 642 2
163 155 1
1835 1836 1
1835 2600 1
1059 183 1
1938 647 1
1544 21 1
1096 1097 1
1279 123 1
1895 314 1
2222 29 1
969 691 1
2101 759 1
2101 8 1
808 320 1
1113 1114 1
648 403 1
648 32 1
648 77 1
648 727 1
648 2423 1
648 21 1
1493 38 1
252 253 1
1287 273 1
835 836 1
2204 1991 1
1687 416 1
2556 44 1
2278 2279 1
1945 2556 1
1945 45 1
1945 139 1
766 2783 1
766 58 1
766 273 1
2649 29 1
358 8 1
358 123 1
358 689 1
358 80 1
358 728 1
324 189 2
324 52 1
324 325 1
324 38 1
324 102 1
12 342 2
12 13 1
12 94 1
12 961 1
12 97 1
2691 632 1
1170 77 1
1443 1444 1
866 27 1
866 43 1
866 2340 1
866 25 1
866 21 1
866 2089 1
2395 29 1
2375 2375 1
2375 2376 1
530 56 1
530 77 1
378 394 1
378 905 1
378 1854 1
378 907 1
378 406 1
378 906 1
378 1318 1
378 405 1
378 395 2
378 866 1
378 189 1
378 1739 1
378 867 1
378 398 1
378 379 1
2038 273 1
413 828 1
413 68 1
413 88 3
413 710 1
413 720 1
413 892 1
890 299 1
890 77 1
669 670 1
2481 25 1
1892 1894 1
1892 374 1
579 77 1
579 29 1
2363 169 1
1205 1206 1
879 16 1
2695 1 1
2153 77 1
2086 19 1
1115 1 1
1483 125 1
1051 1336 1
1051 676 1
1051 382 1
1051 1896 1
1051 169 1
1931 90 1
204 205 1
2748 25 1
2373 411 1
794 189 1
794 88 2
1280 1825 1
1280 1281 1
931 56 1
931 932 1
234 123 1
234 269 1
2539 71 1
1699 38 1
483 25 1
483 38 1
1901 38 1
263 23 1
263 1849 1
263 264 1
450 451 1
450 453 1
450 123 1
373 318 1
174 175 1
956 320 1
2381 123 1
2465 439 1
671 77 1
1764 8 1
98 14 1
2466 2467 1
1354 77 1
1354 88 1
2414 2415 1
629 364 1
629 68 1
580 56 1
580 2371 1
580 8 1
580 581 1
200 123 1
303 1337 1
303 108 1
877 88 1
877 389 1
877 178 1
1487 1488 1
2514 2515 1
1634 38 1
2774 80 1
2774 38 1
1694 284 1
1694 1954 1
1694 938 1
472 1 1
1791 570 1
631 632 1
1084 187 1
2388 14 1
2388 19 1
1748 1336 1
1748 108 1
2338 364 1
2338 123 1
2504 125 1
1466 80 1
1757 44 1
1147 2777 1
1147 52 1
251 832 1
251 29 1
251 44 1
2343 509 1
2260 21 1
2141 2057 1
2227 16 1
295 77 1
295 125 1
1911 44 1
500 83 1
500 501 1
1255 1256 1
2374 2375 1
734 77 1
269 90 1
269 270 1
2665 676 1
952 1851 1
952 953 1
1700 389 1
344 998 1
344 403 1
344 423 1
344 1130 1
344 125 1
344 108 1
344 91 1
344 1108 1
344 77 6
344 672 1
344 328 1
344 38 2
344 1838 1
696 8 1
847 848 1
1344 1607 1
1344 77 1
1344 80 1
1344 102 1
1272 8 1
1272 1820 1
2749 2750 1
274 275 1
1378 38 1
2187 1201 1
1276 19 1
1276 77 2
2560 29 1
179 161 1
2053 8 1
2053 169 1
559 560 1
559 2000 1
2753 123 1
1239 1240 1
468 56 1
468 16 1
468 2383 1
468 570 1
468 2005 1
468 289 1
468 2101 1
468 102 1
2358 268 1
439 2466 1
439 435 1
2076 38 1
280 29 2
280 38 2
651 56 1
651 403 1
651 457 1
1519 71 1
1816 38 1
26 27 1
345 957 1
345 18 1
345 460 1
345 589 1
345 57 1
1055 77 1
1015 167 1
2186 44 1
860 457 1
535 77 1
535 138 1
535 2074 1
512 56 1
512 1843 1
512 77 2
512 169 1
512 1821 1
2059 2060 1
304 547 1
304 305 1
639 38 1
550 77 2
550 83 1
550 80 1
782 8 1
2397 2398 1
2298 2299 1
2342 2343 1
2550 1 1
85 543 2
85 344 2
85 1139 1
85 1780 1
85 342 1
85 1979 1
85 409 1
85 282 1
85 57 3
85 1502 1
85 68 1
85 2406 1
85 2640 1
85 525 1
85 1874 1
85 431 1
85 171 1
85 1190 1
85 1712 1
85 2632 1
85 2442 1
85 1247 1
85 301 1
85 1645 1
85 335 1
85 287 1
85 281 1
85 152 1
85 1501 1
85 77 1
85 86 7
85 1490 1
85 1915 2
85 112 1
85 505 1
85 1491 1
85 1019 1
85 233 1
85 1720 1
2701 1 1
1542 77 1
963 403 1
963 77 1
1447 189 1
2025 1815 1
2025 362 1
2025 305 1
2025 1676 1
1100 19 1
1100 123 1
1100 1101 1
1100 457 1
2069 691 1
2069 25 1
1540 77 1
598 1883 1
598 599 1
1106 1576 1
1106 960 1
1106 1041 1
1106 38 1
2651 38 1
637 364 1
637 77 2
637 1781 1
637 83 1
637 1861 1
478 479 1
851 19 1
2109 123 1
994 2355 1
994 77 1
994 1408 1
567 56 1
567 29 1
1528 370 1
1749 183 1
1524 1525 1
1793 240 1
1203 2518 1
1203 1204 1
1203 1111 1
2567 2568 1
380 68 1
1775 367 1
498 46 1
1310 125 1
1214 77 1
2558 77 1
2558 385 1
2558 2768 1
1996 52 1
2531 83 1
1314 194 1
2731 1075 1
2731 2742 1
1607 1607 1
1607 2058 1
1607 27 1
1607 764 1
1607 2029 1
1607 1075 2
1607 180 1
1607 396 1
1607 58 1
1607 1608 1
1607 572 1
1607 640 1
1607 80 7
1607 1566 1
1607 954 1
1607 728 1
224 1590 1
224 225 1
224 68 1
224 38 1
224 457 1
224 334 1
318 29 1
318 169 1
318 45 2
2131 83 1
199 88 1
801 123 1
801 1193 1
801 305 1
801 38 1
801 802 1
729 32 1
2586 32 1
2384 178 1
282 659 1
282 423 1
282 21 1
282 283 1
282 88 1
282 1 1
282 44 1
2190 364 1
1473 1474 1
2505 1404 1
832 19 1
832 716 1
832 25 1
689 189 1
689 77 1
689 90 1
689 305 1
2413 38 1
431 1322 1
431 596 1
431 77 1
431 415 1
2171 77 1
649 139 1
2736 80 1
219 95 1
1028 123 1
702 703 1
702 289 1
2267 58 1
1326 25 1
1326 273 1
989 990 1
213 77 1
374 1893 1
374 283 1
2612 311 1
2431 142 1
1950 1751 1
2211 108 1
2515 91 1
240 403 1
240 77 1
240 2341 1
2643 77 1
1714 90 1
2145 1513 1
1031 157 1
1031 793 1
2687 2688 1
1307 1308 1
1920 125 1
511 56 1
511 108 1
168 32 1
168 1982 1
168 273 1
168 1962 1
2234 289 1
1550 44 1
621 509 1
545 546 1
545 640 1
2162 7 1
601 27 1
601 21 1
601 123 1
601 184 1
499 38 1
791 56 2
791 792 1
791 1467 1
791 32 3
791 8 1
791 814 1
791 1032 1
791 25 2
791 460 1
791 38 1
791 338 1
793 165 1
793 1456 1
793 1930 1
793 88 1
793 102 2
913 76 1
913 125 1
1960 19 2
1960 83 1
1960 169 1
1693 125 1
1293 1294 1
1293 636 2
2243 2244 1
1367 1368 1
422 423 1
1956 423 1
861 862 1
1370 19 1
679 206 1
798 403 2
798 2416 1
798 25 1
798 253 1
798 125 1
798 1668 1
798 1631 1
798 77 1
798 68 1
798 884 1
798 38 1
798 1 1
798 44 1
2592 672 1
2382 125 1
641 2196 1
641 320 1
140 19 1
140 123 1
140 125 1
296 19 1
342 279 1
342 58 1
342 32 1
342 343 1
342 80 1
1320 19 1
2627 77 1
656 77 1
1610 1611 1
1913 364 1
1860 189 1
1860 125 1
206 56 2
206 29 1
206 1939 1
206 339 1
1352 77 1
1352 44 1
2538 27 1
1114 1115 1
628 77 1
613 2674 1
613 77 1
1716 2549 1
1716 21 1
1402 298 1
1465 157 1
2226 38 1
556 554 1
1405 44 1
991 125 1
654 1 1
1533 16 1
1171 1172 1
1494 1495 1
1481 169 1
1914 14 1
1562 457 1
619 56 1
563 146 1
563 123 1
563 21 1
563 108 1
538 311 1
2314 2315 1
2172 1193 1
1128 125 1
2487 44 1
814 2202 1
814 189 1
814 725 1
814 2085 1
814 1164 1
814 2106 1
814 779 1
814 2185 1
814 1835 1
814 120 1
1729 890 1
1831 273 1
80 1607 1
80 346 1
80 1864 1
80 1932 1
80 125 1
80 52 1
80 1352 1
80 178 2
80 153 2
80 1955 1
80 87 1
80 53 1
80 846 1
80 845 1
80 1005 1
80 403 1
80 8 9
80 1609 1
80 345 1
80 299 1
80 189 5
80 58 2
80 809 1
80 77 1
80 1924 1
80 419 1
80 541 2
80 2283 1
80 759 1
80 132 2
80 85 5
80 29 4
80 25 9
80 509 1
80 339 1
80 57 1
80 1064 1
80 544 1
80 362 1
80 245 4
80 1930 1
80 291 1
80 44 3
80 2774 1
80 2044 1
80 165 1
80 194 1
80 1941 1
80 215 4
80 88 6
80 288 1
80 56 5
80 81 1
80 2755 1
80 340 1
80 32 6
80 54 1
80 38 13
2323 509 1
2511 25 1
2430 77 1
1290 1291 1
2057 1607 1
2057 58 1
1649 183 1
1649 29 1
728 386 1
728 58 1
728 46 1
728 798 1
728 457 1
728 1 1
2764 77 1
1979 77 1
1934 16 1
1934 38 1
2588 83 1
916 29 1
1766 14 1
1766 123 1
276 1698 1
276 56 1
276 16 1
276 77 2
276 333 1
276 2047 1
276 1551 1
276 88 1
276 389 1
2717 77 1
544 77 1
544 545 1
1289 1290 1
1257 1 1
1281 77 1
1429 123 1
2622 19 1
1260 1261 1
553 299 1
553 123 1
553 38 1
553 554 1
949 43 1
160 123 1
160 95 2
160 156 1
160 187 1
2119 167 1
464 282 1
1513 2510 1
1513 197 1
1513 2331 1
1513 123 2
1513 2441 1
1513 1 1
205 38 1
203 38 1
354 16 1
354 355 1
1406 1407 1
1406 1627 1
1406 77 1
288 58 1
288 29 2
288 68 1
288 83 1
288 1988 1
288 80 1
288 2474 1
288 1904 1
288 726 1
288 289 1
288 336 1
1245 77 1
1888 8 1
2603 1164 1
1457 123 1
760 703 1
1180 169 1
101 102 1
2322 29 1
564 565 1
120 1660 1
120 90 1
120 1748 1
120 509 1
120 108 2
120 644 1
120 1620 1
120 58 1
120 77 1
120 924 1
120 935 1
120 2231 1
120 317 1
120 1948 1
2033 316 1
;