param : rimes :=
6653 0
6634 1
6632 2
6609 3
6578 4
6577 5
6572 6
6571 7
6567 8
6566 9
6565 10
6553 11
6534 12
6531 13
6526 14
6512 15
6445 16
6434 17
6410 18
6407 19
6399 20
6388 21
6379 22
6373 23
6366 24
6365 25
6364 26
6352 27
6344 28
6339 29
6336 30
6311 31
6306 32
6291 33
6255 34
6504 35
6239 35
6237 36
6232 37
6207 38
6203 39
6176 40
6453 40
6171 40
6164 41
6147 42
6145 43
6141 44
6131 45
6124 46
6115 47
6112 48
6094 49
6087 50
6073 51
6055 52
6051 53
6047 54
6042 55
5991 56
5989 57
5984 58
6547 58
5983 59
5971 60
5963 61
5949 62
5944 63
5925 64
5909 65
5905 66
5897 67
6348 67
5896 68
5878 69
5859 70
5858 71
5856 72
5851 73
6593 74
5844 74
5832 75
5812 76
5796 77
5794 78
5791 79
5749 80
5744 81
5734 82
6075 82
5840 83
5718 83
5717 84
6122 84
5712 85
5692 86
5687 87
5681 88
5675 89
5669 90
5655 91
5755 92
5628 92
5620 93
5622 93
6054 93
5616 94
5611 95
5607 96
5599 97
5590 98
5587 99
5575 100
5567 101
5564 102
5556 103
5554 104
5545 105
5539 106
5502 107
5483 108
5481 109
5468 110
5466 111
5458 112
5960 112
6179 113
5453 113
5425 114
5424 115
5415 116
5413 117
5388 118
5363 119
5362 120
5356 121
5339 122
5338 123
5329 124
5324 125
5323 126
5604 127
5322 127
5300 128
5296 129
5266 130
5258 131
5254 132
5251 133
5245 134
5244 135
5246 135
5240 136
5239 137
6402 138
5235 138
5238 138
6189 138
5233 139
5230 140
5228 141
5227 142
5218 143
5204 144
5387 144
5389 144
5187 145
5182 146
5168 147
5137 148
6400 149
6052 149
5118 149
5108 150
5107 151
5106 152
6070 153
5083 153
5080 154
5075 155
5069 156
5058 157
5056 158
6371 158
5036 159
5012 160
5007 161
4991 162
4990 163
6376 164
4985 164
4973 165
4952 166
4953 166
4934 167
5143 167
4928 168
4927 169
4911 170
4902 171
4899 172
4895 173
4894 174
4887 175
4868 176
4864 177
4849 178
4844 179
4821 180
4814 181
4813 182
4811 183
4810 184
4806 185
5272 185
5147 185
4805 186
4798 187
4799 187
4786 188
4785 189
4783 190
5426 191
4781 191
4773 192
4768 193
4758 194
4736 195
4732 196
4701 197
4696 198
5733 199
4694 199
4693 200
4685 201
4682 202
4675 203
6161 204
4671 204
4655 205
4651 206
5743 206
4690 207
4650 207
4818 208
4647 208
4640 209
5890 209
4635 210
4633 211
4619 212
5376 213
4618 213
4752 214
6225 214
5634 214
5411 214
4615 214
4613 215
4606 216
4602 217
4601 218
4592 219
4585 220
4582 221
4576 222
4568 223
4565 224
4545 225
4527 226
4471 227
4851 228
4469 228
4465 229
5621 230
6409 230
4447 230
4434 231
4421 232
4419 233
4404 234
5781 234
4382 235
4367 236
4364 237
4361 238
4354 239
4339 240
6357 240
4329 241
4326 242
4317 243
4310 244
4308 245
4302 246
4294 247
4282 248
5643 248
4277 249
4275 250
4273 251
4267 252
6205 252
4642 253
4264 253
4248 254
4245 255
5129 255
4396 255
4524 255
4243 256
4231 257
4229 258
4227 259
4226 260
4221 261
4201 262
4190 263
4185 264
4182 265
4179 266
5247 266
4175 267
4154 268
5976 269
4139 269
4133 270
4131 271
4058 272
4055 273
4051 274
4061 274
4050 275
4049 276
5974 277
4041 277
6316 277
4039 278
4036 279
4011 280
4010 281
4372 282
4007 282
4713 282
6412 282
4002 283
4000 284
3980 285
3974 286
3973 287
3968 288
4380 288
3967 289
3952 290
3942 291
3932 292
3930 293
3920 294
3915 295
3901 296
3899 297
3897 298
3896 299
4237 299
4239 299
3887 300
3882 301
3873 302
3868 303
4853 304
3862 304
4750 304
3860 305
3857 306
4291 306
3838 307
5695 307
3826 308
3825 309
4697 310
3807 310
3806 311
3799 312
3790 313
4800 314
5649 314
3779 314
5741 314
5742 314
3777 315
3780 315
3776 316
5906 316
3775 317
6548 318
5689 318
3770 318
4546 319
3751 319
3975 319
3754 319
3750 320
3744 321
3748 321
5354 321
3738 322
5370 322
3742 322
3736 323
4189 323
5090 324
3722 324
3720 325
5642 325
6252 325
5358 325
3710 326
3704 327
3703 328
3699 329
3694 330
3691 331
3681 332
3680 333
3678 334
3677 335
3672 336
3669 337
3667 338
5157 338
3665 339
6594 339
4756 339
3642 340
3639 341
3634 342
3622 343
3619 344
3613 345
3608 346
3609 346
4969 346
5535 346
6259 347
3606 347
5724 347
3604 348
3600 349
6137 349
3589 350
3579 351
6487 352
3576 352
4186 352
3575 353
5205 354
3574 354
5772 354
4910 354
3548 355
3536 356
5109 356
4631 357
3528 357
3514 358
3513 359
3510 360
3505 361
3494 362
3491 363
5571 363
3492 363
5252 363
4625 364
3481 364
3478 365
3474 366
5988 366
4621 366
3473 367
3468 368
4516 369
3466 369
5002 369
6449 370
3459 370
6287 370
3454 371
3424 372
3422 373
3419 374
4507 374
3414 375
3413 376
3411 377
3408 378
3400 379
5203 380
3396 380
3387 381
5684 382
3383 382
6213 383
3369 383
5931 383
6253 383
4660 384
3366 384
6294 384
3362 385
3344 386
6304 387
3341 387
5517 387
6303 387
3339 388
5693 388
3338 389
5393 390
3337 390
3964 390
3316 391
3315 392
3313 393
3314 393
4557 393
5405 394
3310 394
3306 395
6477 395
3303 396
3299 397
3290 398
3286 399
3288 399
3278 400
4726 401
3261 401
3251 402
3515 403
3246 403
5777 404
3242 404
3244 404
3981 404
5726 404
3237 405
3220 406
3352 406
3212 407
3202 408
5821 408
3189 409
3186 410
5059 410
3178 411
3171 412
5113 412
6600 413
3147 413
3137 414
3128 415
3114 416
3111 417
3100 418
3090 419
3990 419
3262 419
3774 419
3089 420
3088 421
3922 422
3077 422
3074 423
3122 423
5042 423
5720 423
4793 423
3115 423
3073 424
4583 424
3072 425
5498 425
3070 426
4318 427
3055 427
3052 428
5534 428
4708 429
4327 429
3051 429
3045 430
3687 430
3039 431
5585 432
5224 432
3019 432
6016 433
3013 433
4541 433
3012 434
5817 434
3010 435
5315 436
3001 436
5018 436
4867 437
2998 437
2993 438
5880 439
2989 439
5215 439
3842 440
4530 440
2988 440
6528 441
2987 441
2980 442
2983 442
2974 443
4068 444
3800 444
4152 444
2972 444
2968 445
6302 445
6644 446
2966 446
5863 446
6375 446
4716 446
5309 446
2965 447
2960 448
2957 449
2953 450
2950 451
2948 452
2938 453
6564 454
4117 454
4118 454
4571 454
6204 454
2927 454
2914 455
5969 456
3334 456
2911 456
2904 457
3357 457
2897 458
5918 458
2896 459
2909 459
2894 460
2884 461
2866 462
2852 463
2814 464
2805 465
2800 466
2796 467
5216 468
2795 468
2791 469
3577 469
2781 470
2772 471
2768 472
6092 472
2759 473
2754 474
3099 474
3496 475
2746 475
2748 475
2738 476
5589 476
5214 476
2736 477
6552 478
2732 478
5343 478
2728 479
4809 479
2715 480
2711 481
2710 482
2707 483
6211 483
2688 484
2742 485
2686 485
2680 486
2681 486
2675 487
2674 488
3714 488
4266 488
4045 488
2673 489
6570 490
2671 490
5857 491
2665 491
2668 491
2664 492
2647 493
2640 494
3708 495
2639 495
2638 496
5488 497
4882 497
2623 497
2975 497
2616 498
5845 499
2614 499
2610 500
2929 501
3062 501
3834 501
2604 501
2600 502
3080 502
5900 502
2597 503
2591 504
2590 505
6404 506
6298 506
2589 506
2577 507
2576 508
6322 509
2574 509
6319 509
2570 510
3954 511
2568 511
2567 512
4775 512
4584 512
2565 513
4875 513
2608 514
2559 514
2557 515
4211 516
4403 516
2548 516
4567 516
4345 516
4028 516
2545 517
2528 518
6201 518
5626 518
2527 519
3941 520
2523 520
2517 521
2743 521
2512 522
2515 522
2505 523
6475 523
3452 523
2718 523
3135 523
2504 524
2500 525
6329 525
2498 526
2495 527
2488 528
2955 528
2476 529
2464 530
2468 530
3641 530
4873 530
4922 530
4925 530
2449 531
2448 532
3580 532
2446 533
2444 534
3031 535
2443 535
3277 535
3103 535
2432 536
3361 537
2422 537
6361 537
5196 537
2421 538
2416 539
3652 539
6341 539
2509 539
2414 540
2767 540
5024 541
5926 541
2410 541
2406 542
2394 543
3808 544
2389 544
3467 544
2702 544
2388 545
2381 546
2374 547
4603 547
2372 548
2369 549
3830 549
3832 549
4304 550
3633 550
4306 550
5735 550
4632 550
2362 550
4334 550
2360 551
2359 552
2411 552
2356 553
2354 554
5927 554
2824 554
6377 554
4407 555
3180 555
3118 555
2351 555
2342 556
3632 557
5664 557
2340 557
3030 557
2792 557
3912 557
5709 557
3630 557
2658 558
3093 558
2602 558
3707 558
2333 558
2329 559
2332 559
2321 560
2318 561
2313 562
2850 563
6276 563
2293 563
3605 563
2984 563
6584 563
2763 563
3996 563
5629 563
2292 564
2288 565
2279 566
3449 566
4683 566
2366 566
2277 567
2261 568
3011 569
2260 569
3821 569
3917 569
3377 570
2259 570
2454 570
5766 570
2809 570
2257 571
2252 572
2496 573
5728 573
5729 573
2436 573
6166 573
2251 573
2255 573
2831 573
2247 574
2244 575
2684 576
3676 576
2239 576
2230 577
2229 578
2231 578
6623 578
2225 579
2219 580
2218 581
2211 582
4916 582
4142 582
2210 583
2900 584
6104 584
6057 584
6076 584
2205 584
5050 585
2203 585
2334 585
2194 586
6621 586
2185 587
2181 588
5420 588
2173 589
2170 590
3009 591
5683 591
2167 591
4903 591
5223 591
5149 591
3919 591
2154 592
2434 593
6370 593
4388 593
4069 593
5573 593
2150 593
2599 593
6538 593
2540 593
5073 593
4278 593
5559 593
2714 593
2431 593
2149 594
4950 594
2140 595
4274 596
2679 596
4649 596
2138 596
2137 597
4909 597
5888 598
3814 598
6215 598
4009 598
2350 598
2131 598
2163 598
6003 598
5236 598
5588 598
5748 598
3094 598
3191 598
4087 598
4088 598
6270 598
2145 599
3846 599
2124 599
2542 599
2123 600
3617 601
2121 601
3487 601
2115 602
4164 602
2556 602
5148 602
5646 602
2108 603
2107 604
3163 604
3550 604
2104 605
2346 605
2100 606
2221 606
2099 607
2097 608
6646 608
3065 608
3502 608
2096 609
4184 609
2090 610
4472 611
2078 611
5576 612
5864 612
5577 612
3307 612
2077 612
3727 612
2067 613
2071 613
2072 613
2073 613
5225 613
2065 614
3043 614
5175 614
4858 614
5131 614
2045 615
6592 616
3222 616
4550 616
2044 616
4460 616
2606 616
5087 616
2042 617
6606 617
3155 618
2036 618
5543 618
4652 618
2032 619
5696 620
5697 620
6490 620
6492 620
2030 620
2024 621
5403 621
4989 621
2160 622
2023 622
2016 623
3591 624
5658 624
1995 624
1994 625
4832 626
1992 626
1979 627
3203 628
1976 628
4731 628
1963 629
1958 630
3131 630
1957 631
5369 631
2849 632
5617 632
1954 632
4754 632
4963 632
2309 632
3893 632
6406 632
2311 632
6186 632
4203 632
6507 632
1952 633
1950 634
1949 635
1946 636
1943 637
6500 638
1942 638
5736 638
6350 638
5747 639
6387 639
1940 639
3047 639
1939 640
1938 641
1935 642
1931 643
6550 644
4425 644
1930 644
1929 645
6111 645
4149 646
1928 646
5192 646
5352 646
5935 646
1927 647
1921 648
6657 648
2756 648
5445 648
3879 648
3448 648
2297 648
5357 648
4975 648
1918 649
1903 650
1900 651
1897 652
4686 652
1896 653
1890 654
3282 654
3351 654
4664 654
3994 654
4508 654
3997 654
1888 655
5476 655
6408 655
4921 655
4938 655
5053 655
5875 656
5384 656
1887 656
3695 656
1882 657
6138 657
3909 658
1878 658
3900 658
5469 658
1875 659
1873 660
1872 661
1868 662
3598 662
1864 663
1858 664
1855 665
3858 666
5704 666
1854 666
6353 667
3907 667
3686 667
1848 667
6472 667
3503 667
4977 668
1842 668
2802 668
6019 668
4666 668
2799 668
1840 669
1839 670
5651 671
1837 671
4206 671
1833 672
2242 673
1828 673
3428 673
6372 673
5930 673
5644 673
4496 673
5136 673
5872 673
2771 673
5428 673
5652 673
4757 673
5141 673
5397 673
4665 673
4698 673
5499 673
2365 673
3649 674
1827 674
1825 675
3415 675
5503 675
4730 676
1819 676
2253 676
1818 677
1812 678
2235 678
6603 678
6468 679
3802 679
2701 679
1807 679
2719 679
1805 680
3143 681
1804 681
5618 682
1800 682
3647 682
1799 683
2725 684
1798 684
5377 685
1796 685
4620 685
1917 685
2308 686
2117 686
1790 686
3015 687
1789 687
5730 688
5221 688
2409 688
1786 688
1783 689
4962 690
1779 690
4995 690
5811 690
5750 690
6649 690
4986 690
5277 690
1777 691
1776 692
4018 692
4328 692
2522 692
4720 693
3329 693
4115 693
2868 693
4484 693
1771 693
5934 693
1769 694
4188 695
5580 695
1757 695
5294 695
5583 695
1755 696
1754 697
1791 697
1753 698
1752 699
1751 700
1749 701
1747 702
1746 703
2038 703
1912 703
5964 703
5966 703
1743 704
5395 705
1740 705
4511 705
2119 706
6136 706
1737 706
2626 707
2691 707
3495 707
1736 707
2169 707
5005 707
4510 707
5359 707
1735 708
1733 709
1732 710
2271 710
1724 711
4886 712
1722 712
1719 713
1718 714
1715 715
1712 716
1714 716
6587 716
6066 717
4105 717
2859 717
1709 717
6495 717
1702 718
2753 719
2578 719
1700 719
2483 720
1684 720
6517 720
4860 720
1683 721
4820 721
4824 721
1681 722
4150 722
5085 722
1808 723
1834 723
1676 723
1668 724
4107 724
2047 724
1663 725
1665 726
3725 726
1662 726
6015 726
1652 727
1651 728
4276 728
1879 728
5565 728
1649 729
2837 729
2839 729
2942 729
1650 730
5657 730
1647 730
1645 731
1639 732
2997 733
1638 733
3995 733
5660 733
5197 733
6461 733
4254 733
6463 733
1632 734
3977 735
1629 735
1621 736
3670 737
1610 737
6243 738
1604 738
2196 738
1642 738
1594 739
2049 740
2534 740
4392 740
1593 740
4446 740
5663 740
4704 741
5552 741
4706 741
1591 741
2925 741
6368 742
6576 742
2708 742
3892 742
1589 742
5435 742
4110 742
1816 743
3161 743
1580 743
3188 744
1576 744
4378 744
4286 744
4591 744
1829 745
1575 745
5962 745
1572 746
2692 746
1717 746
1721 746
4233 746
4300 746
3150 746
1570 747
1687 748
1688 748
1564 748
1555 749
1577 749
3740 749
5374 749
1821 750
1550 750
2734 750
4439 751
5833 751
4458 751
1548 751
4348 751
6224 752
4890 752
1547 752
2939 752
3646 752
3183 752
4831 752
1540 753
1538 754
1541 754
5015 754
5257 754
1536 755
3014 755
5320 755
6234 756
1535 756
4801 757
4428 757
3245 757
1534 757
1529 758
5973 759
1527 759
1592 759
1960 759
2361 759
1520 760
2066 760
1734 760
1518 761
1516 762
1515 763
6244 764
1511 764
6126 764
1510 765
1505 766
1491 767
5303 767
1490 768
3254 768
1488 769
1487 770
1484 771
1483 772
5123 773
1482 773
6349 773
6334 773
1481 774
6444 774
3058 775
1477 775
4433 776
5889 776
1474 776
4622 776
1471 777
6056 778
2905 778
3945 778
1469 778
3773 778
4914 779
1468 779
2158 779
1466 780
1465 781
1462 782
1461 783
4008 783
4424 783
4426 783
2895 783
5312 784
1543 784
1455 784
4881 785
1762 785
2644 785
6456 785
1898 785
1454 785
3615 785
2224 786
5801 786
5595 786
1453 786
6049 787
1443 787
1442 788
1698 788
3349 788
1440 789
5764 789
4222 789
2886 790
1437 790
1438 790
5351 791
1434 791
4307 792
1432 792
6457 792
6226 793
6514 793
1429 793
1893 793
5946 793
3323 793
6331 793
6428 793
2256 794
1428 794
3925 794
3721 794
3036 794
3631 794
5727 794
1425 795
1422 796
3711 796
3121 797
5011 797
2518 797
5431 797
4521 797
5434 797
1436 797
1421 797
1439 797
5151 797
1418 798
1415 799
1420 799
4258 800
1411 800
3797 800
5912 800
2633 800
1410 801
5378 801
3668 801
3365 801
5968 802
1409 802
2402 802
5975 802
1406 803
5855 803
1397 804
4825 804
1396 805
4996 805
2070 805
3894 805
1400 805
6108 805
1394 806
1393 807
2427 807
1392 808
3518 808
1390 809
1382 810
1377 811
2035 811
4552 811
2395 811
6028 811
6588 811
5997 811
2479 811
5636 812
6004 812
4780 812
1375 812
1374 813
1366 814
1361 815
1362 815
1363 815
1367 815
1359 816
1936 817
6546 817
2694 817
1358 817
2008 818
1357 818
1356 819
4883 820
6307 820
1352 820
6284 820
5117 820
1349 821
4967 821
6129 822
1348 822
4021 822
1345 823
1347 823
1344 824
3336 824
4208 825
4432 825
2555 825
1343 825
1341 826
3375 826
4578 827
5346 827
5702 827
2695 827
2727 827
3978 827
2477 827
5101 827
1999 827
3412 827
2165 827
4437 827
4533 827
1335 827
2423 827
4311 827
1338 827
3355 827
2236 827
5853 827
5917 827
5919 827
6305 828
3636 828
5501 828
1327 828
1633 829
5250 829
5029 829
4486 829
3367 829
3176 829
1324 829
3404 829
4461 829
5838 829
1967 829
2864 829
3569 829
5873 829
3125 829
5910 829
4281 829
4410 829
1322 830
3280 831
1316 831
5436 831
5536 832
6139 832
1309 832
1307 833
6315 833
5150 833
1306 834
1302 835
1301 836
6537 836
1297 837
3320 837
1311 837
1296 838
6624 838
1294 839
1291 840
1290 841
5662 841
1669 842
1288 842
1899 842
4668 842
1885 842
1678 842
1286 843
1285 844
1283 845
1282 846
1279 847
6041 848
6157 848
1278 848
4462 848
1276 849
1973 850
1270 850
4076 850
4078 850
4256 851
1269 851
4255 851
3655 852
2120 852
3657 852
4843 852
5676 852
6511 852
3027 852
1268 852
1332 852
4762 852
3197 852
3199 852
4223 852
1267 853
1263 854
1266 855
2475 855
1262 855
1257 856
5732 857
1254 857
1250 858
1249 859
1248 860
1237 861
1236 862
1803 862
2412 862
1234 863
5465 863
6380 863
1233 864
1232 865
3540 865
4596 865
3067 865
5232 866
1937 866
6283 866
1836 866
1231 866
3318 867
1623 867
4455 867
1229 867
1228 868
1227 869
1226 870
6290 871
1225 871
2228 872
1831 872
1224 872
6223 872
1219 873
1222 873
3126 873
5448 873
2783 873
1218 874
2290 874
1956 874
1467 874
1217 875
1216 876
1584 876
1602 876
5373 876
2110 876
1211 877
6551 878
1210 878
1208 879
3005 879
1206 880
1209 880
2724 881
1205 881
2569 881
2730 881
3021 881
1204 882
1202 883
2153 883
2543 883
1195 884
1198 884
2755 885
4037 885
1193 885
1977 885
1915 885
3040 886
1190 886
1186 887
3602 887
2328 887
1184 888
2940 888
2370 889
3785 889
1181 889
4719 889
2880 890
3844 890
1894 890
4790 890
5366 890
1847 890
2471 890
1385 890
3033 890
5178 890
1180 890
5249 891
3843 891
6310 891
1497 891
1179 891
1947 891
1948 891
2222 891
4610 892
5442 892
4788 892
2982 892
2952 892
1177 892
6650 892
4955 892
3004 892
3439 892
1648 893
6113 893
1171 893
3173 893
3815 893
5511 893
5582 893
5039 893
1351 894
1167 894
1552 895
2978 895
2915 895
6035 895
4581 895
3321 895
1549 895
1166 895
6607 895
4214 896
1165 896
5078 897
4457 897
1883 897
1164 897
5860 898
1238 898
1163 898
5980 898
1729 899
3042 899
3972 899
3141 899
6183 899
1162 899
2314 899
3498 899
4170 899
3120 899
2258 899
3218 899
4466 899
4019 899
4723 899
2262 899
3926 899
3928 899
1913 899
3162 899
2012 899
2364 899
2430 899
3345 900
1346 900
3346 900
1156 900
2433 901
1154 901
2243 901
2373 901
4789 901
3660 901
5701 902
5497 902
2282 902
1151 902
5463 903
1147 903
3643 903
1146 904
2013 904
3885 904
1376 905
1910 905
5638 905
4456 905
1145 905
1742 905
1637 906
1144 906
3082 906
3085 906
2720 907
5121 907
5460 907
1141 907
4528 908
1138 908
2786 908
6516 908
1430 908
6590 908
1130 909
1129 910
4289 911
4929 911
5650 911
1128 911
6280 911
3756 911
4636 911
1127 912
4200 912
4907 912
4368 913
2946 913
5026 913
3508 913
5028 913
2693 913
1126 913
1565 913
4383 913
5103 913
4688 914
1125 914
5430 914
5839 914
1121 915
1119 916
5467 917
1116 917
2652 917
4113 918
4193 918
2098 918
4564 918
3142 918
5096 918
1113 918
5033 918
4443 918
6236 918
1111 919
1107 920
3671 920
1105 921
1176 921
6301 921
1104 922
2192 922
4336 922
1557 922
6325 922
6135 922
1560 922
4217 922
1099 922
3371 922
2573 922
1095 923
6153 923
2074 923
1094 924
1092 925
4598 925
2093 925
4481 926
1090 926
1175 926
6338 927
1444 927
1446 927
6022 927
1083 927
1081 928
5786 928
1355 928
3022 928
2655 928
2641 929
1080 929
1486 929
6414 929
3648 930
1489 930
6529 930
4338 930
1492 930
1078 930
5097 930
1077 931
2761 931
1579 931
2657 932
1076 932
2062 932
1073 933
1072 934
2546 934
1617 935
6326 935
5707 935
1071 935
2367 935
3584 936
3587 936
3795 936
4728 936
1066 936
4218 936
1654 937
1065 937
4859 937
2114 938
3683 938
1300 938
1063 938
1304 938
2747 938
2300 938
6173 938
1062 939
4760 939
1061 940
3105 941
1060 941
1861 941
6069 941
1271 941
3545 941
2011 941
6093 941
1057 942
3456 943
4784 943
3035 943
5086 943
1055 943
3327 943
6431 943
5456 944
2740 944
2678 944
2426 944
2490 944
1054 944
5154 945
1052 945
2524 945
4845 945
6488 946
1050 946
1546 946
1047 947
5367 947
5705 947
3483 947
4782 947
1044 948
5164 948
3181 948
1040 949
6001 949
4874 949
1037 950
2051 951
1021 951
2061 951
3557 952
2951 952
3255 952
1018 952
1996 952
6638 952
2959 952
1017 953
1014 954
5881 954
5694 954
1012 955
3309 955
2609 956
6658 956
1011 956
4323 956
3364 956
3205 956
3560 956
3305 956
4667 956
5551 956
1009 957
4626 957
6088 957
6089 957
5898 957
5788 957
1008 958
4852 958
5255 959
1006 959
1003 960
2472 961
1002 961
1001 962
2682 962
4594 963
998 963
6251 963
994 964
4677 964
992 965
991 966
988 967
5350 968
986 968
984 969
978 970
5703 970
977 971
1765 971
5623 971
1641 971
6090 971
4629 972
975 972
4448 973
5088 973
3169 973
3809 973
4451 973
4100 973
1449 973
5769 973
4459 973
5803 973
2636 973
973 973
5138 973
5268 973
4025 973
4505 973
4889 973
4346 973
1019 973
2971 973
1096 974
970 974
6639 974
1000 975
1416 975
969 975
1370 975
1373 975
1634 976
968 976
4971 976
5825 977
4467 977
967 977
4538 977
1824 978
1314 978
3618 978
4900 978
966 978
1785 978
3865 978
3934 978
965 979
963 980
962 981
961 982
6085 983
957 983
2672 984
2424 984
4681 984
954 984
2744 985
953 985
6640 986
2977 986
4147 986
951 986
1704 986
1275 986
3020 986
946 987
4739 987
3969 988
6018 988
1987 988
5062 988
6343 988
2376 988
5064 988
4494 988
1042 988
4116 988
5524 988
6420 988
5526 988
3544 988
3866 988
4442 988
6426 988
3485 988
3870 988
5985 988
2466 988
4454 988
5163 988
4976 988
945 988
949 988
1590 988
4343 988
4535 988
6583 988
942 989
4915 990
941 990
934 991
932 992
2266 992
928 993
5472 993
2547 993
5994 993
2415 993
5760 994
5253 994
4183 994
926 994
5904 995
5763 995
924 995
3805 995
2580 996
4580 996
3477 996
4438 996
2391 996
923 996
4450 997
3507 997
4630 997
5287 997
920 997
2393 997
2778 997
2735 997
914 998
908 999
2752 1000
899 1000
1964 1000
898 1001
1328 1002
5265 1002
948 1002
2661 1002
3061 1002
939 1002
3979 1002
4316 1002
895 1002
1185 1003
3427 1003
900 1003
3848 1003
6026 1003
1485 1003
2990 1003
6034 1003
6580 1003
3509 1003
4791 1003
1496 1003
4280 1003
4569 1003
4669 1003
894 1003
2801 1004
5848 1004
891 1004
4657 1005
6321 1005
5843 1005
1764 1005
4740 1005
2726 1005
1640 1005
3689 1005
5721 1005
890 1005
6156 1005
1245 1005
889 1006
4624 1007
884 1007
1412 1007
5371 1007
3069 1007
881 1008
5495 1008
6044 1008
6045 1008
2382 1008
2144 1009
5474 1009
1155 1009
5955 1009
2212 1009
4104 1009
5992 1009
5514 1009
3692 1009
4172 1009
878 1009
5774 1009
2031 1009
2516 1009
3060 1009
2485 1009
2487 1009
2009 1009
2425 1009
6202 1009
2172 1009
5212 1009
1150 1009
880 1010
1265 1010
2180 1010
5828 1010
3783 1010
5627 1010
877 1010
875 1011
874 1012
950 1013
873 1013
1782 1014
872 1014
869 1015
867 1016
3267 1016
4324 1016
4452 1016
3269 1016
4056 1016
6281 1016
3962 1016
4138 1016
5114 1016
1323 1016
5409 1017
863 1017
861 1018
858 1019
854 1020
848 1021
6275 1021
6102 1021
4504 1021
6024 1021
6441 1021
3804 1021
850 1022
847 1022
6613 1023
845 1023
4751 1023
836 1024
4288 1025
5954 1025
835 1025
4548 1025
4676 1025
5894 1025
2696 1025
6345 1025
6347 1025
1934 1025
2703 1025
3279 1025
851 1025
4954 1025
5978 1025
3611 1025
6172 1025
3553 1025
3745 1025
3874 1025
1699 1025
2788 1025
5289 1025
3757 1025
4335 1025
5040 1025
6320 1025
5170 1025
5173 1025
5051 1025
956 1025
4988 1025
5180 1025
3902 1025
4797 1026
830 1026
2400 1027
2312 1027
841 1027
2089 1027
829 1027
828 1028
820 1029
1364 1029
4905 1029
4490 1029
819 1030
5527 1030
818 1031
2698 1031
4413 1031
817 1032
1585 1032
2482 1033
4746 1033
815 1033
814 1034
1046 1035
4920 1035
3017 1035
811 1035
3071 1035
810 1036
3420 1036
2723 1037
809 1037
2513 1038
2147 1038
1159 1038
808 1038
2184 1038
3048 1038
3353 1038
4906 1038
5951 1038
1120 1039
2563 1039
805 1039
1925 1039
5416 1039
5480 1039
5452 1039
5454 1039
5523 1039
4724 1039
4884 1039
4885 1039
3768 1039
4272 1040
4369 1040
802 1040
5810 1040
4389 1040
5256 1040
813 1040
2669 1040
6254 1040
5202 1041
2551 1041
1336 1041
985 1041
5355 1041
892 1041
4748 1041
799 1041
4595 1042
1293 1042
798 1042
2377 1043
797 1043
3140 1044
4181 1044
796 1044
1856 1045
5313 1045
4020 1045
3335 1045
793 1045
1627 1045
786 1046
997 1046
3724 1046
1986 1047
2531 1047
4483 1047
1797 1047
4167 1047
4555 1047
1452 1047
785 1047
1459 1047
1850 1047
4826 1047
6010 1047
2811 1047
5278 1047
1631 1047
5060 1048
781 1048
779 1049
2380 1049
2899 1050
4295 1050
5159 1050
776 1050
1386 1050
5790 1050
771 1051
821 1051
823 1051
4377 1051
4352 1052
5280 1052
2337 1052
770 1052
5922 1052
5924 1052
2246 1052
4777 1052
5584 1052
3382 1052
5686 1052
3384 1052
6521 1052
1758 1052
1010 1053
767 1053
911 1053
1556 1054
761 1054
2301 1054
1521 1055
4834 1055
3059 1055
1525 1055
1877 1055
5830 1055
2731 1055
5948 1055
751 1055
1136 1056
4880 1056
748 1056
4588 1056
4526 1056
747 1057
5553 1058
1143 1058
746 1058
741 1059
4309 1059
1784 1059
735 1060
732 1061
5344 1062
2081 1062
930 1062
5762 1062
2086 1062
4199 1062
3594 1062
5067 1062
4812 1062
5421 1062
974 1062
4654 1062
6286 1062
727 1062
4215 1062
2872 1062
3129 1062
5279 1062
5025 1063
6596 1063
3029 1063
726 1063
4502 1063
2456 1063
5176 1063
857 1063
5305 1063
2223 1063
5999 1063
2818 1064
723 1064
3095 1064
1916 1064
2845 1064
4093 1064
5773 1064
4542 1064
1951 1064
722 1065
721 1066
4031 1066
709 1067
1015 1067
6503 1067
3529 1067
708 1068
2529 1069
5665 1069
6216 1069
703 1069
1615 1069
2853 1070
5831 1070
3624 1070
702 1070
1646 1070
1857 1071
2178 1071
5186 1071
1859 1071
3075 1071
4102 1071
3079 1071
2506 1071
5515 1071
3916 1071
4749 1071
2958 1071
5967 1071
4246 1071
3607 1071
2526 1071
5155 1071
6184 1071
2217 1071
5417 1071
3820 1071
2029 1071
2286 1071
4016 1071
5489 1071
1075 1071
3123 1071
5941 1071
1079 1071
6007 1071
696 1071
1528 1071
2808 1071
6395 1071
1533 1071
5758 1071
691 1072
690 1073
5298 1073
1813 1073
3397 1073
5450 1073
5070 1073
689 1074
971 1074
704 1075
3296 1075
3297 1075
6150 1075
1609 1075
684 1075
2572 1075
3117 1075
2766 1075
687 1075
5876 1075
3285 1075
1846 1075
4982 1075
3578 1075
1243 1075
2558 1075
4766 1075
1695 1075
4848 1076
5792 1076
3138 1076
5970 1076
3539 1076
681 1076
1998 1076
2817 1077
678 1077
5537 1078
674 1078
4146 1078
5464 1078
6155 1078
3116 1078
2157 1078
2749 1078
5661 1078
5119 1078
672 1079
4512 1079
5219 1079
6293 1079
839 1079
3512 1079
5144 1079
5882 1079
1039 1079
3247 1079
4080 1080
4082 1080
3016 1080
4872 1080
667 1080
4077 1080
2991 1080
5089 1081
5793 1081
5795 1081
664 1081
4232 1081
5961 1081
3499 1081
3501 1081
4014 1081
663 1082
3735 1082
4536 1082
5177 1082
1389 1082
1103 1082
1033 1083
1419 1083
6219 1083
4112 1083
3921 1083
659 1083
1235 1083
5459 1083
2134 1083
3479 1083
4823 1083
5847 1083
3480 1083
5784 1083
5145 1083
5785 1083
6297 1083
1630 1083
4063 1083
1760 1083
4065 1083
2594 1083
2213 1083
5541 1083
6439 1083
6440 1083
1007 1083
4464 1083
3378 1083
6266 1083
6591 1083
658 1084
3298 1084
1923 1084
3908 1084
3401 1084
1451 1084
4350 1084
1583 1084
2624 1085
5568 1085
657 1085
2417 1085
2902 1085
2941 1085
656 1086
4099 1087
3431 1087
4587 1087
655 1087
2607 1087
3151 1087
3153 1087
2643 1087
4180 1087
2873 1087
6362 1087
6618 1087
2619 1087
6268 1087
3741 1087
4319 1087
654 1088
3207 1089
653 1089
2418 1090
3829 1090
2358 1090
3543 1090
1656 1090
1674 1090
3386 1090
651 1090
2287 1090
4479 1090
650 1091
6491 1091
4829 1091
740 1092
648 1092
646 1093
645 1094
4838 1094
4998 1094
5288 1094
1305 1094
1838 1094
643 1095
640 1096
1720 1096
6105 1096
750 1096
6542 1096
638 1097
888 1098
4634 1098
636 1098
3399 1099
2250 1099
635 1099
5936 1100
4373 1100
5751 1100
633 1100
2653 1100
4287 1100
3281 1101
628 1101
3348 1101
5348 1101
5508 1101
3350 1101
665 1101
4506 1101
4252 1101
5276 1101
3998 1101
3999 1101
626 1102
6158 1102
624 1103
5217 1103
5745 1103
4435 1103
5208 1103
4075 1103
3906 1104
3446 1104
5782 1104
1182 1104
2670 1104
6510 1104
623 1104
4017 1105
677 1105
5829 1105
6535 1105
620 1105
619 1106
618 1107
5398 1108
616 1108
610 1109
6647 1109
5260 1109
609 1110
1048 1110
608 1111
5952 1112
1989 1112
5558 1112
4520 1112
1545 1112
2025 1112
604 1112
4556 1112
1806 1112
3854 1112
5407 1112
4054 1113
603 1113
602 1114
2883 1115
1844 1115
1542 1115
601 1115
6154 1115
5837 1115
2863 1115
4015 1115
598 1116
597 1117
5410 1118
3891 1118
5299 1118
596 1118
2118 1118
3175 1118
2345 1118
6218 1118
5419 1118
972 1118
3566 1118
5102 1118
595 1119
594 1120
774 1120
1384 1120
593 1121
2533 1121
2857 1121
3372 1121
3836 1121
2094 1121
2240 1122
2017 1122
6561 1122
6023 1122
588 1122
5613 1122
2238 1122
1568 1123
3588 1123
807 1123
586 1123
2122 1123
2494 1123
3025 1124
585 1124
1517 1124
4945 1125
5746 1125
582 1125
2566 1125
792 1125
3018 1125
6011 1125
5439 1125
577 1126
4607 1126
5297 1127
2274 1127
2003 1127
4026 1127
5548 1127
575 1127
5263 1127
688 1128
572 1128
6433 1129
571 1129
1069 1129
4125 1129
570 1130
569 1131
5820 1131
3455 1131
4257 1132
1379 1132
568 1132
2654 1132
4176 1133
564 1133
2278 1133
3193 1133
2893 1133
1086 1133
562 1134
3523 1134
6471 1134
929 1135
1761 1135
1378 1135
6629 1135
1767 1135
5095 1135
5127 1135
6185 1135
5418 1135
6314 1135
1613 1135
2829 1135
3406 1135
5104 1135
561 1135
6485 1135
3734 1135
5624 1135
4057 1135
5049 1135
3645 1135
6208 1136
4418 1136
6274 1136
2820 1136
837 1136
5125 1136
6279 1136
840 1136
3144 1136
3914 1136
2507 1136
2510 1136
5328 1136
5520 1136
2833 1136
2645 1136
1563 1136
5340 1136
6430 1136
4897 1136
3747 1136
2981 1136
4965 1136
621 1136
4974 1136
559 1136
6063 1136
563 1136
2419 1136
3445 1136
2102 1136
695 1136
5048 1136
558 1137
3457 1138
1657 1138
6442 1138
557 1138
1423 1138
6424 1139
553 1139
6165 1140
552 1140
2862 1140
3732 1141
2677 1141
566 1141
551 1141
1595 1141
2685 1141
3423 1141
2773 1142
1993 1142
5902 1142
543 1142
6616 1143
542 1143
2803 1144
3769 1144
541 1144
539 1145
6257 1146
2435 1146
1239 1146
538 1146
3818 1146
3819 1146
536 1147
4674 1148
1123 1148
4964 1148
3881 1148
4171 1148
5484 1148
5485 1148
622 1148
6478 1148
6356 1148
4213 1148
535 1148
3223 1148
5815 1148
3225 1148
1178 1148
1499 1148
5789 1148
1342 1148
2175 1148
4128 1149
534 1149
668 1149
533 1150
896 1151
4387 1151
532 1151
2660 1151
6152 1151
1643 1151
876 1151
2048 1152
1093 1152
2885 1152
3621 1152
2214 1152
1644 1152
530 1152
754 1152
4659 1152
1368 1152
5082 1152
1660 1152
3326 1152
529 1153
4617 1154
527 1154
2306 1155
526 1155
5639 1156
5115 1156
5243 1156
6508 1156
525 1156
1199 1156
5055 1156
523 1157
6285 1157
1759 1157
1810 1158
4386 1158
518 1158
2934 1158
3174 1158
517 1159
2630 1159
4759 1159
1230 1159
2302 1159
4001 1160
1922 1160
2722 1160
515 1160
6628 1160
4493 1160
4687 1160
3923 1160
2006 1160
4534 1160
6103 1160
2136 1160
4024 1160
5336 1160
1244 1160
3260 1160
3356 1160
6397 1160
3007 1160
1508 1161
3764 1161
5700 1161
5271 1161
5852 1161
1614 1161
511 1161
1503 1161
506 1162
6288 1163
4449 1163
504 1163
5210 1163
507 1163
3841 1164
5506 1164
2083 1164
1287 1164
3379 1164
1140 1164
3156 1164
4212 1164
6518 1164
503 1164
3835 1164
671 1164
4703 1164
502 1165
5316 1166
4869 1166
5765 1166
2634 1166
5834 1166
2059 1166
2187 1166
717 1166
6413 1166
1298 1166
3026 1166
2004 1166
4122 1166
4891 1166
6557 1166
738 1166
3109 1166
2920 1166
2921 1166
5353 1166
5993 1166
2220 1166
4717 1166
2033 1166
1716 1166
3124 1166
501 1166
3066 1166
3130 1166
5950 1166
496 1167
1984 1167
1398 1167
2969 1167
763 1167
2241 1168
1667 1168
1701 1168
4741 1168
5605 1168
5797 1168
4678 1168
5479 1168
2473 1168
4265 1168
842 1168
3274 1168
3564 1168
493 1168
6127 1168
5776 1168
6064 1168
2481 1168
2005 1168
6038 1168
5496 1168
3801 1168
1691 1168
993 1169
2561 1169
611 1169
5731 1169
1413 1169
6438 1169
4488 1169
1353 1169
492 1169
3228 1169
958 1169
2618 1170
491 1170
800 1171
6177 1171
6498 1171
6532 1171
2535 1171
3368 1171
489 1171
2474 1171
5068 1171
5262 1171
2705 1171
3985 1171
6417 1171
2068 1171
1242 1171
2875 1171
5596 1171
1470 1171
1982 1171
487 1172
6221 1172
486 1173
3402 1173
3772 1173
485 1174
4074 1174
484 1175
482 1176
4166 1176
6048 1177
4052 1177
4574 1177
479 1177
5211 1178
478 1178
1313 1179
3794 1179
5477 1179
647 1179
744 1179
1051 1179
477 1179
6560 1180
1635 1180
5027 1180
4004 1180
2283 1180
4427 1180
5518 1180
4207 1180
6128 1180
885 1180
474 1180
2877 1180
5597 1180
3816 1181
3562 1181
2445 1181
4430 1181
6256 1181
6130 1181
1523 1181
473 1181
3385 1181
3833 1181
4473 1181
3867 1181
4923 1181
4060 1181
4734 1181
1476 1182
5383 1182
4940 1182
1101 1182
3982 1182
3791 1182
1360 1182
3984 1182
4944 1182
6354 1182
4947 1182
6355 1182
4628 1182
3157 1182
472 1182
476 1182
3936 1182
2275 1182
2403 1182
3684 1182
3433 1182
5740 1182
5165 1182
1395 1182
6260 1182
2741 1182
6261 1182
3511 1182
955 1182
700 1182
6013 1182
3134 1182
1172 1183
4453 1183
471 1183
1319 1183
3991 1183
2891 1183
4091 1183
470 1184
528 1185
960 1185
2336 1185
469 1185
2888 1185
2890 1185
2970 1185
4970 1185
1581 1185
6077 1185
5330 1186
468 1186
660 1186
2620 1186
4544 1187
3905 1187
6146 1187
5124 1187
4807 1187
1258 1187
3084 1187
464 1187
915 1187
6519 1187
4315 1187
6619 1187
508 1187
4924 1187
5916 1187
5885 1187
3903 1187
6079 1187
4771 1188
3716 1188
3845 1188
1259 1188
494 1188
4238 1188
463 1188
3472 1188
2961 1188
1780 1188
5850 1188
1787 1188
2267 1188
2146 1189
4611 1189
5668 1189
1479 1189
5995 1189
2764 1189
461 1189
5295 1189
4689 1189
2642 1189
6229 1189
6006 1189
537 1189
3516 1189
4127 1189
457 1190
4358 1191
743 1191
2631 1191
456 1191
4090 1191
4220 1191
4710 1192
455 1192
449 1193
513 1193
6617 1193
4939 1193
448 1194
4993 1194
453 1194
983 1194
2700 1194
1750 1195
5222 1195
3913 1195
2794 1195
2924 1195
446 1195
3582 1195
3504 1196
6342 1196
442 1196
444 1196
440 1197
6059 1197
947 1198
436 1198
5846 1198
6446 1198
432 1199
1792 1199
6481 1199
1106 1199
694 1199
6455 1199
4729 1199
5133 1199
879 1199
2335 1199
431 1200
3187 1201
5667 1201
5816 1201
429 1201
3933 1201
428 1202
1744 1203
5827 1203
822 1203
1862 1203
427 1203
833 1204
426 1204
4498 1205
5206 1205
3767 1205
425 1205
5449 1205
5929 1205
2986 1205
6110 1205
424 1206
3293 1206
3295 1206
4707 1207
1380 1207
423 1207
421 1208
1509 1208
1320 1208
4137 1208
6573 1208
1038 1208
2001 1208
3761 1208
6033 1208
498 1208
1427 1208
6106 1208
6107 1208
420 1209
2052 1209
2116 1209
3081 1209
3753 1209
3083 1209
6096 1209
3697 1209
5937 1209
4819 1209
5940 1209
2197 1209
1911 1209
5500 1209
2784 1210
5184 1210
3425 1210
4482 1210
419 1210
1189 1210
4485 1210
806 1210
3462 1210
1191 1210
6541 1210
2447 1210
1968 1210
2130 1210
5939 1210
1016 1210
2489 1210
3929 1210
2491 1210
2779 1210
1981 1210
2782 1210
418 1211
4802 1211
1027 1211
3524 1211
422 1211
4839 1211
680 1211
685 1211
3437 1211
4365 1211
1070 1211
591 1211
3986 1211
2039 1211
2554 1211
1084 1211
5116 1211
4605 1211
3614 1211
1407 1211
416 1212
4501 1212
4854 1212
5654 1212
4120 1212
4553 1212
795 1212
6652 1212
430 1212
766 1212
415 1213
3937 1214
4325 1214
2536 1214
4399 1214
4559 1214
3792 1214
3856 1214
4145 1214
4401 1214
1618 1214
3442 1214
5938 1214
2069 1214
5273 1214
1339 1214
4379 1214
1340 1214
4861 1214
414 1214
1892 1215
1770 1215
413 1215
1696 1216
5281 1216
6337 1216
3778 1216
3654 1216
4711 1216
2760 1216
3563 1216
5899 1216
1005 1216
5901 1216
6030 1216
4053 1216
412 1216
1891 1217
5958 1217
411 1217
1965 1217
410 1218
409 1219
404 1220
3268 1220
3301 1220
1608 1220
556 1220
1901 1220
402 1221
2040 1221
6095 1221
401 1222
3898 1222
3661 1222
3215 1222
3008 1223
6114 1223
4067 1223
4197 1223
1673 1223
5423 1223
400 1223
1616 1223
2128 1223
6642 1223
1619 1223
406 1223
3006 1223
4298 1224
397 1224
5457 1225
394 1225
1082 1225
3392 1226
5248 1226
2497 1226
5761 1226
5953 1226
4098 1226
707 1226
5509 1226
3206 1226
393 1226
2058 1226
5770 1226
5261 1226
4178 1226
787 1226
2967 1226
3927 1226
4888 1226
1369 1226
2204 1226
3166 1226
3170 1226
2979 1226
1255 1226
1961 1226
1514 1226
4715 1226
1196 1226
4012 1226
1330 1226
2226 1226
5365 1226
5685 1226
5947 1226
2812 1226
4095 1226
2785 1227
995 1227
392 1227
5368 1227
2304 1228
705 1228
3265 1228
451 1228
2307 1228
4165 1228
710 1228
391 1228
2248 1228
3976 1228
5128 1228
2316 1228
4623 1228
2704 1228
3538 1228
4946 1228
4499 1228
6419 1228
3924 1228
3733 1228
5593 1228
5402 1228
5532 1228
3549 1228
5021 1228
3679 1228
865 1228
4514 1228
2789 1228
2790 1228
3880 1228
6058 1228
816 1228
497 1228
2930 1228
3570 1228
6194 1228
757 1228
4917 1228
4981 1228
5813 1228
6263 1228
6008 1228
1852 1228
701 1228
5757 1228
6180 1229
389 1229
4240 1230
1025 1230
5778 1230
387 1230
855 1230
6264 1230
4333 1230
385 1231
4033 1231
4321 1231
5473 1231
1955 1231
4500 1231
3958 1231
3706 1231
2882 1232
380 1232
5698 1233
377 1233
2465 1234
3713 1234
2082 1234
4743 1234
5447 1234
6633 1234
3595 1234
1902 1234
1554 1234
2452 1234
5076 1234
2453 1234
790 1234
376 1234
6620 1234
381 1234
445 1234
1680 1235
374 1235
5915 1235
6142 1235
5311 1235
369 1236
6292 1236
5836 1236
368 1237
736 1237
1456 1237
5010 1237
6530 1237
6533 1237
5942 1237
4151 1237
5739 1237
363 1238
1685 1239
3685 1239
360 1239
4979 1240
357 1240
4936 1240
355 1241
3798 1241
352 1242
3056 1243
5200 1243
2396 1243
5566 1243
351 1243
2721 1244
350 1244
686 1244
549 1245
349 1245
6386 1246
2276 1246
1253 1246
3463 1246
408 1246
714 1246
348 1246
1612 1246
1326 1246
777 1247
4234 1247
347 1247
1851 1247
5105 1248
1458 1248
2919 1248
361 1248
346 1248
5933 1248
1600 1249
3746 1249
3443 1249
343 1249
6295 1249
520 1249
4904 1249
2105 1249
5066 1249
3675 1249
719 1249
342 1250
5678 1250
3200 1251
641 1251
4547 1251
6502 1251
3209 1251
1067 1251
4656 1251
1906 1251
340 1251
692 1251
1365 1251
2101 1251
918 1251
1174 1251
5462 1251
921 1251
2816 1252
1383 1252
1289 1252
3177 1252
460 1252
1869 1252
339 1252
1203 1252
5907 1252
4948 1252
1494 1252
1849 1252
2617 1252
4761 1252
730 1252
5690 1252
3388 1252
1693 1252
2813 1252
6622 1252
3359 1252
336 1253
1686 1253
6394 1254
335 1254
675 1255
2931 1255
1636 1255
630 1255
331 1255
2450 1256
330 1256
2815 1256
4992 1257
4260 1257
4772 1257
5861 1257
3270 1257
3272 1257
329 1257
3273 1257
3950 1257
1679 1257
1264 1257
3248 1257
531 1257
5269 1257
6549 1257
1655 1257
5752 1257
2745 1257
3546 1257
4604 1257
6524 1257
1539 1258
2020 1258
2021 1258
2437 1258
6117 1258
326 1258
3110 1258
1448 1258
4168 1258
938 1258
3053 1258
718 1258
3759 1258
3823 1258
2706 1258
2709 1258
2937 1258
5209 1258
5562 1258
324 1259
358 1259
378 1259
323 1260
3620 1260
4644 1260
3718 1260
711 1260
2663 1260
1672 1260
6382 1260
4079 1260
6544 1260
755 1260
2132 1260
3796 1260
1562 1260
3963 1260
322 1261
3651 1261
6116 1261
3653 1261
4614 1261
327 1261
1962 1261
5130 1261
5804 1261
4269 1261
2127 1261
6163 1261
6196 1261
1303 1261
4855 1261
1723 1261
2588 1261
765 1261
337 1262
4083 1262
6309 1262
5385 1262
319 1262
3139 1263
2598 1263
317 1263
403 1264
6212 1264
313 1264
312 1265
311 1266
925 1266
6432 1267
742 1267
1478 1267
1480 1267
4680 1267
3086 1267
4912 1267
4177 1267
310 1267
2390 1267
1053 1267
3837 1267
3519 1267
3839 1267
5601 1268
3330 1268
5602 1268
4643 1268
6403 1268
2053 1268
6378 1268
3436 1268
467 1268
309 1268
1653 1268
1622 1268
5046 1268
5591 1268
794 1268
4795 1268
4978 1269
5490 1269
307 1269
3573 1269
1414 1269
3959 1269
728 1269
4792 1269
5259 1269
1820 1269
590 1269
3023 1269
306 1270
4972 1270
304 1271
4949 1271
6393 1271
5674 1271
4123 1271
4491 1271
4492 1271
6605 1271
2627 1272
4755 1272
554 1272
366 1272
4046 1272
303 1272
4513 1273
996 1273
2501 1273
4984 1273
2713 1273
4153 1273
299 1273
2459 1273
5538 1274
4966 1274
297 1274
1945 1274
2010 1274
1707 1274
5998 1274
5603 1275
4612 1275
295 1275
1671 1275
6248 1275
2378 1275
2155 1275
300 1275
5327 1275
3568 1275
5267 1275
916 1275
5557 1275
6197 1275
5111 1275
1022 1275
3935 1275
2992 1276
3728 1276
4370 1276
6466 1276
803 1276
294 1276
2056 1276
382 1276
5071 1276
897 1277
4129 1277
1460 1277
293 1277
4983 1277
5943 1277
5913 1277
1980 1277
893 1277
291 1278
4608 1279
4561 1279
290 1279
1240 1279
4747 1279
3438 1279
4718 1279
383 1279
289 1280
1841 1280
1991 1280
288 1281
3488 1282
285 1282
574 1282
1464 1283
284 1283
301 1283
333 1283
279 1284
314 1284
3037 1284
2404 1285
5956 1285
1064 1285
3625 1285
3469 1285
2064 1285
5301 1285
278 1285
5911 1285
3064 1285
5754 1285
6140 1285
5854 1285
287 1285
6655 1285
2499 1286
277 1286
2092 1286
2272 1287
2177 1287
5153 1287
6241 1287
5446 1287
679 1287
871 1287
935 1287
332 1287
716 1287
5132 1287
589 1287
1773 1287
1711 1287
3955 1287
276 1287
2836 1287
5077 1287
1974 1287
6040 1287
5081 1287
2171 1287
4539 1287
6589 1287
275 1288
2856 1288
2057 1288
2585 1288
5914 1288
2188 1288
2190 1288
3940 1289
4836 1289
1223 1289
6249 1289
5098 1289
5293 1289
5486 1289
4815 1289
5487 1289
5903 1289
274 1289
3190 1289
4663 1289
1272 1289
2751 1289
270 1290
269 1291
5285 1292
6536 1292
2954 1292
268 1292
3788 1292
6476 1292
2125 1292
2126 1292
4463 1292
272 1292
2804 1292
4022 1292
6043 1292
4957 1292
1598 1292
5054 1292
959 1292
5242 1293
267 1293
5569 1294
6083 1294
3204 1294
5444 1294
6598 1294
1544 1294
4040 1294
4616 1294
5065 1294
5321 1294
266 1294
4106 1294
1611 1294
2315 1294
3851 1294
3340 1294
6484 1294
5016 1294
3869 1294
1822 1294
3102 1294
5470 1294
737 1294
3489 1294
3490 1294
3554 1294
1766 1294
6120 1294
6312 1294
6505 1294
3628 1294
1197 1294
4846 1294
3889 1294
4722 1294
2867 1294
3127 1294
3705 1294
4285 1294
4705 1295
263 1295
5319 1295
4968 1295
5341 1295
5806 1295
1028 1296
5525 1296
262 1296
989 1296
2739 1297
261 1297
260 1298
5656 1298
4522 1298
2191 1298
384 1299
257 1299
548 1299
256 1300
353 1300
697 1300
6123 1300
4572 1300
4445 1300
3583 1300
4871 1301
4670 1301
255 1301
3840 1302
2305 1302
3939 1302
2564 1302
583 1302
4135 1302
649 1302
1675 1302
365 1302
398 1302
5647 1302
370 1302
883 1302
1333 1302
4919 1302
2936 1302
3418 1302
4699 1302
254 1302
4062 1302
4769 1303
547 1303
579 1303
903 1303
3239 1303
3755 1303
6125 1303
6422 1303
375 1303
1624 1303
251 1303
4575 1303
4639 1303
4417 1304
4344 1304
250 1304
3291 1304
4219 1304
4411 1304
1826 1305
3715 1305
4003 1305
3317 1305
614 1305
249 1305
4570 1305
1024 1306
5542 1306
5544 1306
5866 1306
3276 1306
4047 1306
560 1306
3216 1306
247 1306
1880 1306
5401 1306
606 1306
6174 1306
2690 1307
6082 1307
2503 1307
1034 1307
1354 1307
2571 1307
3403 1307
1292 1307
1932 1307
3405 1307
5264 1307
2133 1307
3221 1307
3541 1307
860 1307
3229 1307
2846 1307
1504 1307
6242 1307
3108 1307
3812 1307
933 1307
5932 1307
1137 1307
246 1307
2683 1307
1404 1307
3068 1307
245 1308
4835 1309
804 1309
5220 1309
3813 1309
5061 1309
519 1309
2408 1309
1098 1309
3211 1309
5771 1309
5710 1309
2319 1309
3855 1309
944 1309
4144 1309
244 1309
5879 1309
1049 1309
2298 1309
3034 1309
3484 1309
1117 1309
2398 1309
2399 1309
706 1310
243 1310
516 1310
6149 1310
242 1311
5043 1311
555 1311
6385 1312
3701 1312
3559 1312
3486 1312
239 1312
3219 1313
1933 1313
238 1313
237 1314
3440 1315
236 1315
1152 1316
3328 1316
4225 1316
4609 1316
1157 1316
1160 1316
780 1316
2956 1316
4236 1316
5516 1316
3853 1316
782 1316
784 1316
1426 1316
1043 1316
3864 1316
281 1316
4121 1316
1567 1316
550 1316
5928 1316
5034 1316
4013 1316
4141 1316
4653 1316
2611 1316
2484 1316
952 1316
4537 1316
3771 1316
6459 1316
3522 1316
3398 1316
3271 1316
4169 1316
6611 1316
1109 1316
2912 1316
3690 1316
235 1316
3179 1316
3947 1316
2156 1316
6509 1316
1904 1316
1905 1316
505 1316
1658 1316
3450 1316
4478 1316
5671 1317
5672 1317
234 1317
5835 1317
544 1318
232 1318
230 1319
227 1320
3526 1320
3960 1320
4136 1320
3146 1320
226 1321
225 1322
3234 1322
3235 1322
3300 1322
2821 1322
2343 1322
521 1322
5738 1322
2541 1322
3534 1322
783 1322
1775 1322
240 1322
6032 1322
2579 1322
1524 1322
3861 1322
6582 1322
2268 1322
734 1322
2544 1323
3264 1323
3226 1323
223 1323
1281 1324
3393 1324
2596 1324
2341 1324
3782 1324
999 1324
4935 1324
2344 1324
2632 1324
1513 1324
5641 1324
1004 1324
3308 1324
4204 1324
2605 1324
4913 1324
5009 1324
1277 1324
1501 1324
222 1324
1502 1324
5598 1324
4292 1325
4297 1325
221 1325
5633 1326
5635 1326
390 1326
6151 1326
4489 1326
6025 1326
3852 1326
6029 1326
5006 1326
3599 1326
3601 1326
2199 1326
4247 1326
2840 1326
2201 1326
2973 1326
3743 1326
2080 1326
3875 1326
4006 1326
5800 1326
4393 1326
940 1326
4908 1326
3629 1326
3119 1326
5808 1326
4402 1326
435 1326
315 1326
1596 1326
5052 1326
6209 1326
6465 1326
2628 1326
838 1326
6214 1326
3784 1326
458 1326
462 1326
2254 1326
3662 1326
2384 1326
4563 1326
4440 1326
220 1326
3421 1326
1507 1326
1124 1326
3172 1326
3944 1326
745 1326
6121 1326
490 1326
5615 1326
3312 1326
1907 1326
5491 1326
4084 1326
5492 1326
1405 1326
5886 1326
4735 1326
6656 1327
6178 1327
4744 1327
5818 1327
219 1327
6027 1327
1809 1328
3091 1328
4661 1328
5318 1328
217 1328
1689 1328
6217 1328
5722 1328
4381 1328
1774 1328
3890 1329
6323 1329
3876 1329
6324 1329
5893 1329
215 1329
5895 1329
4042 1329
6480 1330
4242 1330
214 1330
5286 1330
2999 1330
4119 1330
4268 1330
5404 1330
5550 1330
6175 1330
213 1331
4525 1331
5326 1331
1201 1332
2018 1332
1971 1332
212 1332
1670 1332
4470 1332
5302 1332
4745 1332
298 1332
2922 1332
4987 1332
208 1333
2323 1333
3283 1333
1845 1333
2326 1333
3561 1333
5023 1333
4980 1334
3238 1334
6182 1334
6637 1334
206 1334
3638 1335
205 1335
3949 1335
4926 1335
2879 1335
1045 1336
856 1336
204 1336
6031 1336
2050 1337
3827 1337
6195 1337
3236 1337
1881 1337
5241 1337
203 1337
201 1338
1280 1339
3971 1339
964 1339
773 1339
1607 1339
200 1339
3849 1339
3210 1339
2060 1339
2962 1339
4114 1339
5586 1339
5715 1339
1876 1339
4376 1339
2716 1339
607 1339
1823 1339
1697 1339
3041 1339
3682 1339
612 1339
4134 1339
5606 1339
5608 1339
6313 1339
2733 1339
2352 1339
5360 1339
1713 1339
4529 1339
4593 1339
6002 1339
5364 1339
6452 1339
565 1339
6134 1339
567 1339
1975 1339
3447 1339
6648 1339
1273 1339
1914 1339
3644 1339
6000 1340
4290 1340
6595 1340
198 1340
3354 1340
6074 1340
4347 1340
4943 1340
4385 1341
4961 1341
6562 1341
196 1341
1926 1341
6118 1341
6470 1341
6360 1341
5561 1341
3292 1341
1087 1341
6273 1342
642 1342
4101 1342
2822 1342
1031 1342
3593 1342
2826 1342
2827 1342
6411 1342
4108 1342
3213 1342
4878 1342
6162 1342
1431 1342
4250 1342
5146 1342
3739 1342
1308 1342
286 1342
3104 1342
1569 1342
3107 1342
5158 1342
2729 1342
5290 1342
3884 1342
6188 1342
3886 1342
6192 1342
3762 1342
5682 1342
3763 1342
4532 1342
5044 1342
3766 1342
6198 1342
5047 1342
3000 1342
5304 1342
441 1342
2233 1342
5945 1342
698 1342
699 1342
4155 1342
4156 1342
1085 1342
4157 1342
4158 1342
6206 1342
3391 1342
4159 1342
3136 1342
5824 1342
4162 1342
195 1342
1731 1342
4163 1342
580 1342
1220 1342
1988 1342
4038 1342
1097 1342
459 1342
715 1342
5195 1342
5708 1342
5965 1342
3918 1342
5711 1342
4560 1342
4562 1342
5714 1342
5716 1342
5719 1342
3032 1342
4066 1342
2019 1342
2532 1342
3044 1342
5349 1342
1512 1342
3688 1342
4072 1342
4073 1342
1261 1342
2926 1342
2928 1342
3824 1342
5493 1342
4086 1342
2296 1342
6269 1342
4351 1342
5631 1342
194 1343
338 1343
5529 1343
4960 1344
193 1344
791 1344
5035 1344
5779 1345
1036 1345
3373 1345
191 1345
367 1345
1664 1346
3586 1346
2757 1346
2758 1346
3789 1346
5134 1346
3666 1346
2195 1346
1495 1346
5079 1346
3673 1346
3674 1346
5275 1346
4638 1346
4898 1346
5347 1346
4901 1346
6191 1346
3184 1346
1969 1346
5555 1346
3572 1346
4342 1346
5112 1346
825 1346
5625 1346
188 1346
5822 1346
6654 1346
187 1347
2635 1347
2943 1347
5317 1348
184 1348
4355 1349
2054 1349
5094 1349
5799 1349
6599 1349
5842 1349
3956 1349
5972 1349
183 1349
5207 1349
3416 1349
6586 1349
4763 1349
3132 1349
5140 1350
182 1350
1192 1350
1134 1350
768 1351
1312 1351
1408 1351
6545 1351
4579 1351
180 1351
5877 1351
5161 1351
1727 1351
1682 1352
179 1352
852 1352
868 1352
280 1352
1026 1353
4420 1353
2887 1353
2889 1353
5001 1353
6474 1353
5008 1353
1553 1353
5142 1353
605 1353
2462 1353
2910 1353
3871 1353
5030 1353
5032 1353
4202 1353
4394 1353
5482 1353
4331 1353
5612 1353
177 1353
756 1353
2550 1353
5174 1353
3831 1353
4216 1353
1978 1353
5179 1353
6651 1353
1661 1353
3517 1353
1726 1353
6335 1353
2385 1354
4132 1354
6170 1354
4363 1354
173 1354
1666 1355
2162 1355
5572 1355
1493 1355
4341 1355
5013 1355
3258 1355
171 1355
475 1355
3883 1355
5037 1355
169 1356
4241 1357
6641 1357
6098 1357
228 1357
6100 1357
6037 1357
6039 1357
168 1357
2088 1357
3737 1357
3596 1357
2303 1357
3749 1358
5637 1358
167 1358
185 1358
5162 1358
5579 1358
3249 1359
166 1359
3112 1359
3259 1359
4124 1359
2637 1359
5619 1360
165 1360
345 1360
1835 1360
3731 1361
164 1361
4005 1361
870 1361
5867 1361
5887 1361
4081 1362
163 1362
5507 1362
4646 1362
328 1362
904 1362
3610 1362
2651 1362
2860 1362
162 1363
1091 1363
5139 1363
6340 1363
4841 1363
302 1363
5375 1363
161 1364
849 1364
2770 1364
3910 1364
599 1364
4043 1364
5003 1364
6300 1364
1871 1364
160 1365
3394 1365
1260 1365
480 1366
832 1366
4224 1366
2689 1366
4870 1366
159 1366
2112 1367
2881 1367
5441 1367
6278 1367
4999 1367
2762 1367
846 1367
6416 1367
2324 1367
6036 1367
2581 1367
6421 1367
6423 1367
5528 1367
5531 1367
1756 1367
5725 1367
158 1367
670 1367
6246 1367
5031 1367
3304 1367
2091 1367
1132 1367
1708 1367
2348 1367
4597 1367
248 1367
1020 1367
3709 1367
6398 1367
157 1368
320 1369
2208 1369
2848 1369
308 1369
1030 1369
4390 1369
1161 1369
4779 1369
5563 1369
156 1369
2076 1369
6067 1370
2646 1370
2776 1370
5560 1370
6250 1370
155 1370
283 1370
987 1370
4187 1370
3532 1370
5084 1370
3471 1370
584 1371
2649 1371
154 1371
4362 1371
3616 1372
3201 1372
6643 1372
2357 1372
5381 1372
153 1372
1035 1372
1739 1372
6091 1372
2207 1372
6159 1372
5156 1373
5093 1373
2407 1373
2697 1373
3787 1373
5996 1373
6060 1373
625 1373
4209 1373
4210 1373
3571 1373
629 1373
982 1373
4503 1373
6359 1373
152 1373
5433 1373
4314 1373
1788 1373
3196 1373
4477 1373
4733 1373
2687 1373
151 1374
6451 1375
150 1375
6493 1375
149 1376
5270 1376
1500 1376
831 1376
148 1377
218 1377
4794 1377
2603 1377
147 1378
2439 1378
146 1379
189 1379
3407 1379
145 1380
144 1381
3506 1381
725 1381
5814 1382
6168 1382
3195 1382
143 1382
142 1383
3521 1384
141 1384
2656 1385
140 1385
139 1386
1519 1386
5072 1387
627 1387
2339 1387
3828 1387
6053 1387
6389 1387
2854 1387
3160 1387
6569 1387
138 1387
5291 1387
6523 1387
546 1388
137 1388
136 1389
2405 1390
135 1390
1625 1390
5883 1390
5871 1390
134 1391
5308 1391
6318 1391
133 1392
2310 1392
3719 1392
1802 1392
4753 1392
5331 1392
5780 1392
2712 1392
1371 1392
4827 1392
2847 1392
3426 1392
3363 1392
4517 1392
1574 1392
3558 1392
2026 1392
2285 1392
6190 1392
2095 1392
5231 1392
1074 1392
2994 1392
1532 1392
4415 1392
5823 1392
132 1393
1865 1393
1793 1394
131 1394
2819 1394
2182 1394
2823 1394
1417 1394
3850 1394
3342 1394
1170 1394
1173 1394
6167 1394
3224 1394
1817 1394
3097 1394
3098 1394
3482 1394
4765 1394
4126 1394
3872 1394
1315 1394
1317 1394
5798 1394
4398 1394
2353 1394
4148 1394
2232 1394
3002 1394
2876 1394
1983 1394
576 1394
1088 1394
5443 1394
581 1394
5189 1394
2375 1394
2379 1394
2264 1394
1241 1394
6238 1394
1506 1394
2666 1394
5099 1394
4205 1394
4725 1394
1142 1394
2807 1394
760 1394
1148 1394
637 1394
3712 1395
4305 1395
130 1395
1112 1395
2237 1395
3693 1395
943 1395
5679 1395
129 1396
3331 1396
356 1396
3076 1396
3877 1396
4876 1396
128 1397
4353 1397
5987 1397
6454 1397
1089 1398
4161 1398
3781 1398
4997 1398
4487 1398
5767 1398
778 1398
587 1398
1867 1398
1741 1398
2830 1398
4879 1398
6289 1398
5908 1398
917 1398
1558 1398
2455 1398
729 1398
2907 1398
5022 1398
2209 1398
1251 1398
5284 1398
6630 1398
2601 1398
364 1398
4140 1398
4589 1398
1966 1398
4590 1398
3888 1398
3250 1398
3698 1398
6450 1398
3252 1398
4468 1398
1399 1398
6071 1398
3257 1398
1403 1398
2363 1398
2493 1398
2750 1398
6014 1398
127 1398
3263 1398
6527 1398
1748 1399
4519 1399
126 1399
124 1400
123 1401
125 1401
4930 1402
197 1402
1605 1402
6277 1402
2825 1402
3465 1402
6602 1402
844 1402
2828 1402
4684 1402
1102 1402
4495 1402
6479 1402
2832 1402
5392 1402
724 1402
1108 1402
2198 1402
2582 1402
2903 1402
1115 1402
5979 1402
1247 1402
2530 1402
6626 1402
2662 1402
6506 1402
5100 1402
2413 1402
6062 1402
2289 1402
6513 1402
4850 1402
2227 1402
758 1402
122 1402
762 1402
3325 1402
447 1402
769 1403
1603 1403
5699 1403
2629 1403
1863 1403
5640 1403
1866 1403
399 1403
4303 1403
913 1403
2834 1403
3092 1403
2141 1403
6109 1403
6050 1403
2595 1403
3556 1403
4645 1403
4198 1403
5862 1403
3623 1403
3626 1403
1131 1403
2349 1403
174 1403
5870 1403
176 1403
752 1403
6065 1403
3637 1403
121 1403
1337 1403
2179 1404
388 1404
6612 1404
3493 1404
2183 1404
120 1404
344 1404
3194 1404
5038 1404
3953 1405
119 1405
3165 1405
3389 1405
3390 1405
118 1406
4738 1407
116 1407
2037 1407
6046 1407
115 1408
3696 1409
113 1409
3057 1409
6017 1409
6391 1409
2106 1409
2142 1409
545 1410
2787 1410
4259 1410
4293 1410
6405 1410
4714 1410
2347 1410
112 1410
882 1410
2322 1410
211 1410
371 1410
6483 1410
4951 1410
731 1410
639 1410
2562 1411
931 1411
1924 1411
4228 1411
4261 1411
3533 1411
3214 1411
111 1411
433 1411
661 1411
4566 1411
5783 1411
3289 1411
927 1411
417 1412
827 1412
3931 1412
2892 1412
909 1412
110 1412
6020 1413
2918 1413
1194 1413
1738 1413
1068 1413
109 1413
3663 1413
465 1413
5041 1413
6515 1413
2327 1413
379 1413
6363 1413
1212 1413
1692 1413
4956 1413
6271 1413
4480 1414
4865 1414
3458 1414
3333 1414
3078 1414
5126 1414
5382 1414
264 1414
5768 1414
4235 1414
1677 1414
3726 1414
5135 1414
6415 1414
912 1414
4497 1414
2451 1414
789 1414
6169 1414
6554 1414
4251 1414
5659 1414
6556 1414
4253 1414
1566 1414
4515 1414
5670 1414
2087 1414
936 1414
3370 1414
4395 1414
5547 1414
1582 1414
1710 1414
2865 1414
2615 1414
826 1414
2874 1414
6332 1414
5181 1414
6078 1414
4032 1414
4672 1414
1473 1414
2625 1414
4804 1414
6084 1414
325 1414
3656 1414
713 1414
6604 1414
3149 1414
4173 1414
2000 1414
1745 1414
3409 1414
3793 1414
3154 1414
979 1414
6099 1414
981 1414
4822 1414
5977 1414
6233 1414
481 1414
739 1414
5475 1414
4709 1414
6119 1414
2280 1414
617 1414
4586 1414
107 1414
1133 1414
4340 1414
3063 1414
4599 1414
3192 1414
6392 1414
1401 1414
3453 1414
3965 1414
3966 1414
4862 1414
4863 1414
1728 1415
2176 1415
2113 1415
1730 1415
3859 1415
6101 1415
1559 1415
2871 1415
6568 1415
106 1415
522 1415
2174 1415
6464 1416
105 1416
4384 1417
1953 1417
2338 1417
5379 1417
5574 1417
104 1417
3432 1417
2249 1417
3434 1417
3786 1417
3470 1417
5422 1417
1295 1417
2063 1417
2511 1417
6097 1417
2291 1417
6227 1417
4436 1417
5396 1417
443 1417
4958 1417
103 1418
6627 1419
644 1419
5412 1419
1221 1419
102 1419
4391 1419
712 1419
3565 1419
4301 1419
4111 1419
305 1419
4371 1419
788 1419
3702 1419
759 1419
887 1419
1433 1419
6330 1419
859 1419
4892 1419
4349 1419
6080 1420
6081 1420
100 1420
3460 1420
3430 1420
4296 1420
4523 1420
5614 1420
3441 1420
5521 1420
4600 1420
2908 1420
4284 1420
2463 1420
4320 1421
99 1421
2964 1421
6501 1421
2294 1421
1703 1421
2200 1421
5549 1421
6143 1421
2947 1422
6148 1422
906 1422
907 1422
3597 1422
5645 1422
5394 1422
6482 1422
1114 1422
2397 1422
2525 1422
3038 1422
4064 1422
98 1422
1122 1422
1895 1422
296 1422
5226 1422
3627 1422
3948 1422
3444 1422
4662 1422
6199 1422
6200 1422
4475 1422
4476 1422
178 1423
1571 1423
316 1423
94 1423
2560 1424
5092 1424
5957 1424
524 1424
5325 1424
1424 1424
3664 1424
114 1424
4627 1424
117 1424
2325 1424
3253 1424
3765 1424
3989 1424
2263 1424
3159 1424
2428 1424
93 1424
359 1425
824 1425
2521 1425
91 1425
108 1425
87 1426
86 1427
2906 1427
85 1428
1100 1428
1472 1429
4192 1429
5057 1429
84 1429
437 1429
666 1429
3531 1429
5787 1429
6351 1429
83 1430
775 1430
919 1430
2985 1430
190 1430
4866 1431
3395 1431
2245 1431
6021 1431
2440 1431
265 1431
4429 1431
910 1431
4366 1431
3983 1431
82 1431
2963 1431
1110 1431
5594 1431
4700 1431
5213 1431
5342 1431
2015 1431
3360 1431
5345 1431
3106 1431
3811 1431
3429 1431
4263 1431
3817 1431
5609 1431
5673 1431
2539 1431
3243 1431
4847 1431
1526 1431
2103 1431
2935 1431
4408 1431
4856 1431
5307 1431
1853 1431
4096 1432
3585 1432
1284 1432
3208 1432
6282 1432
6539 1432
3987 1432
1814 1432
6296 1432
2330 1432
2842 1432
540 1432
2844 1432
5020 1432
6558 1432
2079 1432
3232 1432
673 1432
3233 1432
4130 1432
5666 1432
2085 1432
6437 1432
3878 1432
2855 1432
3113 1432
6574 1432
3376 1432
6448 1432
2355 1432
1588 1432
3895 1432
3640 1432
186 1432
4027 1432
4540 1432
5437 1432
5310 1432
1599 1432
4416 1432
578 1432
4034 1432
3525 1432
454 1432
4423 1432
3535 1432
81 1432
2769 1432
1620 1432
5461 1432
3158 1432
3287 1432
5335 1432
1626 1432
3547 1432
4191 1432
6240 1432
6496 1432
1889 1432
4833 1432
2152 1432
5865 1432
749 1432
5229 1432
1391 1432
6383 1432
6384 1432
3185 1432
6133 1432
886 1432
631 1432
2295 1432
4727 1432
6522 1432
3451 1432
5372 1432
80 1433
2002 1434
2387 1434
1445 1434
3046 1434
3049 1434
6555 1434
2269 1434
2270 1434
79 1434
5167 1434
1778 1435
4692 1435
6585 1435
812 1435
78 1435
2976 1436
6144 1436
321 1436
1441 1436
2913 1436
613 1436
6631 1436
5000 1436
5737 1436
2667 1436
76 1436
1041 1436
5841 1436
466 1436
1843 1436
3476 1436
2549 1436
2206 1436
75 1437
5408 1438
1537 1438
1985 1438
1029 1438
5478 1438
2793 1438
74 1438
5451 1438
2797 1438
2798 1438
1551 1438
1874 1438
2164 1438
5333 1438
3542 1438
5334 1438
3863 1438
2648 1438
2650 1438
4767 1438
5471 1438
6608 1439
73 1439
72 1440
5505 1441
6436 1441
71 1441
233 1441
843 1441
210 1441
2774 1441
4374 1441
4375 1441
4695 1441
2168 1441
5530 1441
6299 1441
4029 1441
4509 1441
4893 1441
1475 1442
70 1442
2699 1442
4558 1442
3343 1442
5199 1442
3475 1442
2584 1442
3993 1442
2586 1442
3612 1442
4702 1442
2592 1442
6369 1442
4322 1442
4195 1442
292 1442
4776 1442
5805 1442
4270 1442
4271 1442
5807 1442
3635 1442
6068 1442
6645 1442
1531 1442
1168 1443
5169 1443
5185 1443
67 1443
3957 1443
510 1443
512 1444
66 1444
3266 1444
2659 1444
5091 1444
1870 1444
65 1445
5283 1445
4299 1445
5819 1445
2189 1445
64 1446
4160 1446
2467 1446
6563 1446
4937 1446
5198 1446
3311 1446
3567 1446
6575 1446
5332 1446
216 1446
5306 1446
3227 1446
3164 1446
3230 1446
5713 1447
3555 1447
1402 1447
63 1447
3904 1448
1794 1448
5891 1448
1350 1448
1990 1448
6346 1448
4942 1448
271 1448
6610 1448
4691 1448
5400 1448
2202 1448
2139 1448
2331 1448
5723 1448
1884 1448
2717 1448
5982 1448
2143 1448
4959 1448
2273 1448
4641 1448
4837 1448
1830 1448
6247 1448
4712 1448
5160 1448
3241 1448
3050 1448
2028 1448
1972 1448
5045 1448
6390 1448
6327 1448
5688 1448
6328 1448
6458 1448
4796 1448
62 1448
4414 1448
2593 1449
2737 1449
354 1449
3332 1449
3380 1449
4279 1449
632 1449
2075 1449
61 1449
2383 1449
5455 1449
5578 1450
60 1450
207 1450
1920 1451
5440 1451
5510 1451
3527 1451
6540 1451
5391 1451
3729 1451
2514 1451
3730 1451
3603 1451
1941 1451
6615 1451
1944 1451
2265 1451
2458 1451
1694 1451
6494 1451
3231 1451
864 1451
3552 1451
5600 1451
2084 1451
6308 1451
5414 1451
3943 1451
362 1451
2478 1451
2161 1451
5361 1451
6132 1451
4406 1451
5110 1451
5494 1451
2552 1451
5432 1451
59 1451
5438 1451
5759 1451
3760 1452
1013 1452
58 1452
1498 1452
2284 1452
77 1452
772 1453
2216 1453
57 1453
170 1453
1690 1453
3658 1453
55 1454
450 1455
1187 1455
6435 1455
1158 1455
6374 1455
3240 1455
6443 1455
6381 1455
4143 1455
3024 1455
54 1455
4918 1455
6486 1455
407 1455
3319 1455
6231 1455
3256 1455
922 1455
4474 1455
4059 1455
2780 1455
990 1455
1183 1455
53 1456
4085 1456
2486 1456
6636 1456
4035 1457
4518 1457
5706 1457
2027 1457
52 1457
2932 1457
4405 1457
4023 1457
4441 1457
4857 1457
4444 1457
5884 1457
2014 1457
5570 1458
3946 1458
4332 1458
5581 1458
3822 1458
1200 1458
5201 1458
51 1458
4531 1458
4787 1458
6235 1458
6012 1458
6396 1458
1246 1458
4830 1458
50 1459
49 1460
438 1460
1801 1460
1387 1460
5756 1460
48 1461
2401 1461
452 1461
4422 1461
2109 1461
2111 1461
5921 1462
4196 1462
4359 1462
3464 1462
6601 1462
5386 1462
47 1462
4431 1462
1530 1462
252 1462
3101 1462
3581 1462
4543 1462
5183 1462
6499 1463
2022 1463
4071 1463
5191 1463
2442 1463
5292 1463
46 1463
3374 1463
976 1463
6193 1463
1970 1463
2898 1463
2901 1463
2622 1463
1032 1464
45 1464
4737 1465
1795 1465
2371 1465
5380 1465
4357 1465
6597 1465
4230 1465
4360 1465
4554 1465
2193 1465
1811 1465
5653 1465
2583 1465
3803 1465
1118 1465
4194 1465
2851 1465
676 1465
5540 1465
229 1465
1832 1465
4648 1465
2537 1465
44 1465
1135 1465
3951 1465
5680 1465
499 1465
1908 1465
2676 1465
693 1465
1781 1465
2613 1465
1659 1465
4412 1465
2621 1465
6525 1465
2046 1465
2368 1466
514 1466
1059 1466
2148 1466
5892 1466
2949 1466
2151 1466
4103 1466
2441 1466
4330 1466
43 1466
4048 1466
4400 1466
1522 1466
6258 1466
3347 1466
373 1466
2869 1466
2870 1466
1725 1466
4573 1466
2878 1466
6579 1467
6581 1467
5017 1467
42 1467
5019 1467
41 1468
1149 1468
40 1469
2281 1469
5519 1469
3284 1470
6086 1470
39 1470
4764 1470
36 1471
35 1472
38 1472
56 1472
3168 1473
6160 1473
34 1473
1763 1473
6358 1473
3592 1473
4283 1473
5406 1473
33 1474
6469 1474
32 1475
1169 1475
1256 1475
31 1476
30 1477
5122 1478
4742 1478
3847 1478
3217 1478
4244 1478
1815 1478
3096 1478
28 1478
2460 1478
5533 1478
4770 1478
37 1478
6181 1478
1447 1478
3758 1478
1586 1478
4658 1478
2995 1478
2996 1478
2492 1478
573 1478
4030 1478
6210 1478
1860 1478
3659 1478
2508 1478
4174 1478
4816 1478
3410 1478
3028 1478
6228 1478
6230 1478
2520 1478
92 1478
3167 1478
6497 1478
3810 1478
483 1478
6245 1478
3302 1478
5990 1478
2923 1478
3435 1478
3054 1478
241 1478
500 1478
2933 1478
6005 1478
2041 1478
3961 1478
5753 1478
1274 1478
5630 1478
1919 1478
6272 1479
4097 1479
3970 1479
3717 1479
2055 1479
3911 1479
4044 1479
6220 1479
1997 1479
4109 1479
4941 1479
5390 1479
6222 1479
5775 1479
3537 1479
662 1479
4312 1479
89 1479
4249 1479
4313 1479
26 1479
1435 1479
2587 1479
669 1479
5920 1479
2916 1479
101 1479
1573 1479
1318 1479
2470 1479
1321 1479
3500 1479
1329 1479
1331 1479
5427 1479
6262 1479
4089 1479
6265 1479
2234 1479
6267 1479
4092 1479
1597 1479
6333 1479
4094 1479
1023 1479
3650 1480
1252 1480
902 1480
24 1480
1450 1480
1578 1480
4778 1480
5869 1480
5981 1480
6462 1480
5074 1481
23 1481
5802 1481
4994 1482
2438 1482
5512 1482
5513 1482
396 1482
5004 1482
1299 1482
22 1482
2838 1482
5014 1482
5399 1482
2457 1482
6425 1482
2843 1482
6427 1482
6559 1482
1705 1482
1325 1482
6317 1482
2480 1482
5809 1482
1587 1482
5171 1482
5172 1482
5429 1482
1207 1482
4409 1482
5691 1482
834 1482
5188 1482
4549 1482
5190 1482
4551 1482
5959 1482
4808 1482
3145 1482
5193 1482
5194 1482
3148 1482
3152 1482
1372 1482
3294 1482
1381 1482
4070 1482
1388 1482
495 1482
5234 1482
5874 1482
5237 1482
6520 1482
2429 1482
21 1483
88 1483
5504 1484
5632 1484
386 1484
905 1484
395 1484
3723 1484
2317 1484
2320 1484
5522 1484
6418 1484
2835 1484
20 1484
3988 1484
405 1484
3992 1484
2461 1484
6429 1484
4896 1484
5923 1484
2469 1484
937 1484
1706 1484
4397 1484
6061 1484
5166 1484
1457 1484
434 1484
3381 1484
439 1484
3003 1484
6460 1484
1213 1484
1214 1484
1215 1484
4673 1484
5826 1484
4803 1484
4931 1484
4932 1484
4933 1484
3275 1484
592 1484
980 1484
341 1484
2135 1484
2775 1484
5592 1484
2777 1484
3417 1484
5849 1484
6489 1484
1628 1484
862 1484
1886 1484
6367 1484
6625 1484
866 1484
231 1484
488 1484
5610 1484
1772 1484
4337 1484
372 1484
634 1484
3322 1484
2299 1484
3324 1484
3198 1484
19 1485
5152 1486
18 1486
5986 1486
853 1486
4262 1486
5063 1486
2841 1486
2538 1486
3182 1486
3551 1486
16 1487
3752 1487
202 1487
15 1488
258 1489
1058 1489
259 1489
68 1489
69 1489
1959 1489
14 1489
273 1489
1139 1489
181 1489
2519 1489
25 1489
90 1489
764 1489
29 1489
509 1489
95 1489
192 1490
3938 1490
2917 1490
2502 1490
682 1490
172 1490
13 1490
4877 1490
5648 1490
2420 1490
6072 1490
2810 1490
3133 1490
4637 1490
12 1491
224 1492
801 1492
901 1492
1768 1492
3530 1492
11 1492
683 1492
2861 1492
6543 1492
2034 1492
2612 1492
6614 1492
282 1492
5274 1492
318 1492
96 1493
2944 1493
3520 1493
1153 1493
2945 1493
3461 1493
4774 1493
10 1493
2186 1493
5546 1493
6187 1493
2159 1493
3087 1493
209 1493
753 1493
2129 1493
4721 1493
4817 1493
2166 1493
2806 1493
2007 1493
6009 1493
2043 1493
1056 1494
6401 1494
1188 1494
1606 1494
199 1494
4679 1494
4840 1494
9 1494
3497 1494
4842 1494
6635 1494
2765 1494
2575 1494
2386 1494
1909 1494
1334 1494
5337 1494
4828 1494
733 1494
3358 1494
8 1495
7 1496
27 1496
334 1496
5120 1497
97 1497
1601 1497
5282 1497
5314 1497
6467 1497
4356 1497
6 1497
3590 1497
6473 1497
2858 1497
652 1497
5868 1497
5677 1497
6447 1497
17 1497
600 1497
1561 1497
2553 1497
1310 1497
4577 1498
3700 1498
5 1498
1463 1498
720 1499
4 1499
615 1499
2392 1499
253 1499
175 1499
3 1500
2 1501
2215 1501
1 1502
0 1503
;