param : rimes :=
2541 0
69 0
1096 0
5393 0
1433 0
3977 0
3976 0
627 0
20 0
80 0
25 0
126 0
145 0
690 0
243 0
1642 1
2057 2
4928 3
4318 3
2162 3
1833 3
651 4
4332 5
2765 6
2898 7
5289 8
2391 9
2269 9
5218 9
4765 10
750 10
2753 10
4996 10
4469 11
1641 11
1561 11
2640 12
5341 12
5557 13
2989 14
4540 14
4269 14
4741 14
4412 14
133 14
2738 14
407 14
3961 14
2390 14
2245 14
2727 14
4637 14
4581 14
3623 14
215 14
2243 14
388 14
4842 14
1405 14
2576 14
4654 14
4172 14
1679 14
709 14
3365 14
4501 14
2556 14
3575 14
4863 14
4794 14
3176 14
2967 14
2964 14
5383 14
2756 14
1712 15
279 16
22 16
2383 17
2975 18
606 18
405 18
4112 19
2268 19
1201 19
157 19
3313 19
1801 19
4012 19
2041 19
4256 19
3241 19
4014 19
61 19
3444 20
2768 21
4988 21
88 21
4319 22
3625 23
1932 24
4890 24
1927 25
1221 25
4643 25
1862 25
1303 25
2788 25
3707 26
71 26
1904 26
2532 26
623 26
3321 26
2760 26
3810 26
5005 26
2762 26
4868 26
5420 26
3512 26
4091 26
1292 27
2382 27
1949 27
56 27
1394 27
2002 28
2248 28
1263 28
923 29
2923 29
2731 30
4428 30
5336 30
1206 31
1645 31
373 32
770 33
1886 33
3242 33
2415 33
1817 34
1648 35
2922 36
2478 37
2118 38
2460 39
1369 39
3983 39
2194 39
3230 39
2351 39
1959 40
4862 40
1207 40
1954 40
1247 40
1652 40
234 41
218 41
456 41
2117 42
2770 42
4204 42
846 42
1270 43
790 43
2359 43
377 43
4975 43
2804 43
1997 43
166 44
3030 45
3548 46
2959 47
3677 47
1664 47
2648 47
4532 47
1030 47
1636 47
1003 47
1626 47
3007 47
3862 47
5274 47
1623 47
4872 47
2272 47
1169 48
2622 48
3 49
63 49
2021 50
2095 50
5298 51
33 51
310 51
40 51
2094 51
119 52
970 52
358 52
459 52
953 52
954 52
4945 53
1401 53
5315 53
780 53
3712 54
1024 55
4729 55
113 56
1482 56
34 57
73 57
1083 58
239 58
102 59
619 59
47 59
1459 60
168 60
159 60
3330 60
2976 60
2566 61
37 61
2607 61
3823 61
3892 62
955 63
13 64
922 65
2646 66
1244 67
1454 67
930 67
2539 68
3696 68
2896 69
203 69
1689 69
5726 70
4314 71
5394 72
618 72
2152 72
5335 73
3881 73
3595 73
254 74
2594 74
5659 74
3999 74
3446 74
36 75
3931 76
1032 76
221 76
1038 76
4416 76
3741 76
5392 76
3742 76
354 77
4503 77
727 78
3477 79
644 79
124 79
106 79
1701 80
4374 80
2169 80
4197 81
2606 81
949 81
2601 81
5621 82
5226 82
615 82
1851 82
2136 82
5009 82
4535 82
4739 82
4826 82
4934 82
4586 82
5059 82
1044 82
2994 82
2392 82
3129 82
2642 82
3796 82
3729 82
4509 82
2649 82
4563 82
3261 82
1800 82
1204 82
1856 82
2635 82
4481 82
2638 82
3081 83
957 83
394 83
4903 83
1464 83
677 84
48 85
705 85
2166 86
3665 86
2062 86
5730 87
3064 88
3558 88
2769 88
857 88
5026 88
2600 88
1284 88
5579 89
4336 90
2251 91
5565 91
5238 92
3016 93
5002 93
5171 93
4138 93
3076 93
3078 93
4061 93
549 94
3424 95
516 96
1134 96
3437 96
5054 96
1070 96
1400 96
4914 96
5461 96
4773 96
4722 96
3301 96
3299 96
3238 96
5058 96
601 96
5446 96
1140 96
5413 96
898 96
1421 96
5495 97
3376 98
2522 99
3628 100
2815 100
2504 100
3326 100
3954 100
2889 100
4305 100
2365 100
2290 100
4518 100
1574 101
1683 102
3292 102
1941 103
4238 104
3223 104
827 104
3422 105
3864 105
5531 106
2224 106
1356 107
1348 107
2065 108
5648 108
5015 109
2872 109
1016 110
2176 110
1036 111
2829 111
2575 111
3766 112
927 112
3922 112
502 112
3566 112
3004 113
4979 113
774 114
3570 115
1843 116
461 117
3695 117
3783 117
2464 117
5110 117
5580 118
3710 119
3224 120
3222 121
530 121
103 122
2698 123
2120 124
4524 125
3632 125
205 126
5053 127
3140 127
433 127
5056 127
824 127
4094 127
1539 127
956 128
1374 128
3987 128
3112 129
2673 129
2691 129
4674 130
4670 130
1362 131
1426 132
2148 133
2119 133
2683 133
453 133
4719 133
2686 133
464 133
3490 134
2579 134
489 135
892 136
14 136
1300 137
762 138
184 139
1271 140
4431 140
2247 140
2230 140
4321 140
1905 141
4347 142
1673 143
5083 144
4201 145
383 146
167 146
1337 147
4900 147
4085 147
4292 147
4429 147
4473 147
1196 147
3407 148
652 148
3642 148
3637 148
5122 148
2047 148
1441 148
3183 148
1745 148
3181 148
1747 148
2792 148
3660 148
631 148
1174 148
755 148
2482 148
242 148
657 148
3979 149
554 149
1214 150
2235 151
1492 151
2325 151
3294 151
4320 151
688 152
911 153
5055 154
101 154
3146 154
82 154
4090 154
527 154
2289 154
3037 155
737 156
523 156
1408 157
4278 158
2926 158
3169 158
4015 159
365 160
5714 161
5246 162
4186 163
5178 164
4748 164
2955 164
1266 164
3998 164
2429 164
2800 164
5031 164
1258 164
2655 164
2145 165
3553 166
3552 166
3455 167
531 167
1092 167
814 167
3249 168
1157 168
1087 168
2656 169
1357 169
3374 169
575 169
123 170
1326 171
415 172
493 173
3325 173
5399 173
105 174
2147 175
3588 176
4608 177
5044 177
4985 177
2823 178
546 178
1882 179
1522 179
2005 179
1262 179
586 179
4833 179
4377 179
3431 179
552 179
1876 179
2775 179
1509 179
3691 179
2388 179
3626 179
2835 179
4023 180
1211 181
1469 181
1055 182
4821 182
3776 183
2191 184
935 184
5210 185
3591 185
1398 185
3562 185
3635 186
1404 187
5607 188
2330 188
3336 189
1917 189
4744 189
2437 189
1117 189
2527 189
3082 189
4760 189
1283 189
1110 189
3687 189
3792 189
96 189
3667 189
1260 189
2894 189
3364 189
4228 189
2625 189
5572 189
249 189
3445 189
4120 189
3786 189
2367 189
1928 189
5172 190
3164 191
3089 191
4075 191
1707 191
4474 191
3811 191
3148 191
3149 191
5004 191
3151 191
1782 191
1173 191
2935 191
1727 191
2178 191
3821 191
3139 191
653 191
3135 191
4297 191
1521 191
2343 191
3258 191
3123 191
3980 191
917 191
4859 191
3385 191
5332 191
1323 191
5690 191
3389 191
4555 191
1267 191
5389 191
1563 191
294 191
2084 191
720 191
1313 191
3379 191
5093 191
2519 192
4537 193
3825 193
3951 193
2741 193
2736 193
5491 193
4078 193
702 193
395 193
2321 193
2462 193
561 193
1660 193
5612 193
3953 193
5374 193
5370 193
570 193
3958 193
5737 193
519 193
4912 193
2951 193
3189 193
5190 193
2590 193
1528 193
641 193
3909 193
4251 193
3454 193
2973 193
4117 193
5747 193
1519 193
2675 193
1427 193
1160 193
5158 193
2498 193
2496 193
4454 193
81 193
2799 193
4346 193
2798 193
5069 193
2796 193
2786 193
5062 193
3889 193
2940 193
637 193
448 193
1942 193
2404 193
2405 193
1551 193
2301 193
4296 193
580 193
2298 193
2296 193
2884 193
1666 193
1950 193
3259 193
1543 193
107 193
590 193
4183 193
839 193
599 193
4309 193
725 193
1195 194
4357 195
4698 196
1810 196
3034 197
655 197
4450 197
1939 198
4242 198
3153 198
4651 199
1321 200
1514 200
1540 201
3040 201
1621 201
2545 202
716 203
2631 203
131 203
233 204
776 204
3870 205
4901 206
3857 206
3945 207
1222 207
1229 207
736 208
2837 209
1353 209
5340 209
2654 210
2175 211
2882 212
1596 212
337 212
851 213
841 213
2029 213
5343 214
2657 215
2086 215
1191 215
674 215
1979 215
1183 215
3457 216
3103 217
2102 218
699 218
3866 219
2820 220
5130 220
3280 220
5068 220
1615 220
739 220
1245 220
4855 220
3616 220
3382 220
3122 221
3718 222
5671 223
2372 224
1013 224
2341 225
4791 226
1913 227
4880 227
818 227
5697 227
4139 227
1635 227
1907 227
2433 227
4622 227
5219 227
555 227
2737 227
1662 227
5240 227
4148 227
815 227
3272 227
4035 227
2958 227
4371 227
4642 227
5740 227
4655 227
1603 227
520 227
4650 227
532 227
772 227
1871 227
528 227
4118 227
4657 227
1859 227
5202 227
5203 227
1861 227
343 227
2802 227
4476 227
1836 227
3472 227
4448 227
5180 227
5170 227
3759 227
328 227
3251 227
3252 227
4983 227
1329 227
3015 227
5666 227
5127 227
3506 227
3511 227
1315 227
4734 227
3247 227
5141 227
2033 227
414 227
3403 227
129 227
4529 227
5628 227
5630 227
4736 227
2077 227
5601 227
4763 227
3957 227
2333 227
3684 227
1789 227
171 227
4781 227
4237 227
172 227
645 227
919 227
436 227
2110 227
2108 227
1508 227
1748 227
189 227
656 227
3171 227
4244 227
3101 227
1696 227
470 227
1710 227
2142 227
1978 227
463 227
4582 227
984 227
3609 227
1667 227
3611 227
3848 227
718 227
500 227
2890 227
3363 227
1946 227
1199 227
224 227
3841 227
2151 227
735 227
2633 227
2905 227
2904 227
2911 227
480 227
4547 227
150 228
2225 229
4324 230
4342 231
4068 232
4843 233
3264 233
3102 233
1799 233
1794 233
2487 233
1122 234
4981 235
4982 235
65 236
985 237
39 237
5422 237
5354 237
2400 238
364 238
3141 238
5748 238
5490 238
2789 238
3528 238
1344 239
5521 240
2643 240
5520 240
4056 240
170 241
7 241
1684 242
5482 242
4678 243
894 244
4213 245
1094 246
2977 246
4771 246
1825 246
2288 246
165 246
5027 246
4055 247
3052 247
2934 247
2277 247
4257 247
333 248
3033 249
3921 249
4230 249
4977 250
3867 250
4627 250
3520 250
1230 250
3262 250
2307 251
5200 251
4604 252
4286 252
3348 252
4799 253
5504 253
2525 253
1312 253
2682 253
3607 253
3309 253
2528 253
497 253
2874 253
2952 254
5155 254
3410 254
3338 255
5167 255
1503 255
4077 255
3044 255
2046 255
4888 255
1497 255
4215 255
4767 255
564 255
2933 255
868 255
630 255
2999 255
2121 255
5309 255
1182 255
2542 255
5050 255
3498 255
5260 255
2217 255
5268 255
5272 255
2363 255
4306 255
3613 256
342 257
238 258
4746 259
3147 259
2883 260
2370 260
2035 261
2043 261
4646 262
852 262
3429 262
5664 262
2322 262
3659 262
1053 262
3447 262
1209 262
1045 262
420 262
3062 262
3790 262
4098 263
2356 264
4639 265
38 266
514 266
4294 266
5125 266
3944 267
4461 267
140 268
1375 269
821 269
4809 269
4615 269
1367 269
5425 269
2921 269
753 269
1996 269
5040 270
4437 271
5586 271
1360 271
5484 272
2599 272
5146 272
4797 272
2597 272
2492 272
4460 272
5174 272
4521 273
5588 273
5307 273
3906 273
44 273
2138 274
2583 275
4775 276
541 277
1046 277
5591 278
2466 278
3850 279
4268 280
1873 280
317 280
2421 281
4525 282
4766 283
3430 283
1658 284
3868 285
3948 285
3026 285
2279 285
872 285
661 285
4623 285
3143 285
272 286
4103 286
3130 287
3880 287
3971 287
1056 287
2312 287
5427 287
4174 287
4618 287
2868 287
4879 287
1649 287
3137 287
3791 287
1076 287
2332 287
3406 288
2810 288
5676 288
1294 288
1586 288
4365 288
2087 289
3758 289
3586 289
3674 290
1289 290
4351 291
4349 291
5479 291
1213 292
2133 293
3883 293
2168 294
1899 295
5113 296
3631 296
5105 296
3633 296
4953 297
5152 298
357 299
115 299
4723 300
3598 300
2338 300
1252 300
4038 300
2864 300
3834 300
3011 300
3861 300
3009 300
3743 300
877 300
3700 300
1017 301
492 302
614 302
5194 302
2593 302
4341 302
557 303
265 303
2537 304
2745 304
1285 304
1880 305
5347 306
370 306
670 307
1403 307
797 307
5728 307
4398 308
775 309
607 309
4462 310
4456 310
4234 311
1610 311
281 311
659 312
1187 313
933 314
4621 315
4443 315
1669 316
51 316
1926 316
4129 316
3017 316
49 316
3439 316
1938 316
1086 316
89 316
3959 316
4475 316
4199 317
2017 317
1972 317
2972 317
2902 317
5711 317
4724 317
2439 317
928 317
1690 317
4575 318
4505 318
908 318
4571 318
3565 318
5239 318
5237 318
896 318
4402 319
1253 320
4491 321
3646 322
832 322
1298 322
974 323
3884 324
1387 324
2200 325
2385 325
4871 326
1381 327
3320 327
4127 327
3014 328
1399 329
1903 330
1 331
3218 332
871 332
212 332
874 332
4754 332
1629 333
374 334
2161 334
4477 334
4225 334
1933 334
1043 334
5429 334
2839 335
4206 335
2360 335
3304 335
4668 336
2459 337
2920 338
2319 338
4965 339
2867 339
1634 339
351 339
4007 340
434 340
756 341
139 342
3829 342
2207 342
2608 342
2315 342
3878 342
2687 342
944 342
3335 342
4806 342
3837 342
4629 342
2659 342
629 342
5181 342
2250 342
2126 342
3685 342
509 342
1881 342
1612 342
920 342
3800 342
2107 342
916 342
435 342
1675 342
711 342
1744 342
1746 342
1924 342
529 342
3569 342
2281 342
4356 342
4121 342
5376 342
4910 342
4124 342
2757 342
4185 342
4732 342
362 342
5143 342
4187 342
3202 343
4837 344
1390 345
257 345
3116 345
4972 345
2197 345
1481 345
5222 346
4334 347
2808 347
5401 347
4606 347
2818 347
338 347
2819 347
1343 347
3132 347
1677 347
2980 347
707 347
3738 347
1440 347
4626 347
1562 347
4089 347
2784 347
1655 347
3517 347
4399 347
3962 348
128 348
3370 349
252 349
752 349
3227 350
3317 351
3996 351
3008 351
5576 351
3990 352
5117 352
419 352
2652 352
5132 353
3039 354
507 355
3572 356
2793 356
4909 356
4217 357
1776 358
2777 359
548 359
4681 359
5079 359
5660 360
715 361
5585 361
696 361
267 361
4926 361
662 361
977 361
469 361
3838 361
1158 362
830 362
1986 363
2990 363
1992 363
1162 363
393 364
2627 364
2505 364
2772 364
3715 365
3215 365
2418 366
148 366
1850 367
1265 367
2516 367
298 367
4712 367
1057 367
2806 367
5453 368
3243 369
4528 369
2752 369
2755 369
2414 369
3871 370
4887 370
1958 370
3084 370
5571 370
5121 370
2331 370
3414 370
5234 370
4587 371
3964 372
2670 372
3661 373
3663 373
1465 373
4942 373
4156 373
4157 373
4617 374
3526 375
5292 375
2779 376
1529 376
5403 377
2422 377
3038 377
563 377
4641 377
2038 377
3610 377
1753 377
3480 377
2862 377
5327 377
2856 377
1740 377
1912 378
4630 378
3145 378
4709 378
929 379
820 380
3059 380
4751 381
1475 381
4508 381
3893 381
2693 381
2294 381
2879 381
543 381
3891 381
1098 382
4699 382
2843 382
1100 383
3479 383
1828 383
426 384
2780 384
2103 384
3340 384
4696 384
4908 384
1558 384
4502 384
3061 384
449 384
2003 385
341 385
582 385
3055 385
132 385
4079 385
3154 385
2353 385
3065 385
5064 385
4152 385
330 385
899 385
3442 385
2368 386
4072 386
4772 386
4588 387
3318 387
2473 387
600 387
3443 387
5212 388
4397 388
5582 389
494 390
5188 391
5199 392
3817 392
535 393
293 393
99 393
4274 393
4836 393
2026 394
4946 395
4676 395
3760 395
283 395
4682 395
1908 395
3690 395
3006 395
3150 395
3688 395
3068 395
936 395
4933 395
4514 395
2123 395
5248 395
2472 395
2543 395
990 395
4913 395
983 395
838 395
4359 395
1617 395
3997 395
2214 395
2961 395
223 396
4860 396
2417 397
1953 397
2521 397
2716 398
1119 399
1293 399
1114 399
2040 399
3678 400
4013 400
2106 400
4752 400
2983 401
104 401
1588 402
1225 403
1792 403
1412 404
2004 405
1406 406
867 406
3293 406
5519 406
3448 407
2664 407
4125 408
86 409
24 409
3706 410
1852 410
3098 410
306 410
2339 410
5345 410
276 410
10 410
5667 410
356 410
940 410
256 410
324 410
5663 410
968 410
4554 410
1233 410
334 410
5138 410
5139 410
3927 410
3844 411
4167 412
4573 412
4166 412
4504 412
4542 412
5164 412
5395 412
891 412
2195 412
3233 412
5514 412
5546 412
2605 412
3820 412
3704 413
795 413
5517 413
1564 414
1560 414
722 414
5573 415
3917 415
5430 415
811 415
2811 416
2809 416
5538 417
3615 417
2127 417
4770 417
3307 417
2274 417
2471 417
1060 417
4281 418
1170 418
4658 418
1868 418
1176 418
211 418
5019 419
4209 419
2676 419
177 419
4337 419
1772 419
2049 420
5743 420
1879 421
2584 421
4991 422
425 423
3556 424
745 424
4135 424
2609 424
3581 424
5555 425
2661 425
4583 425
5550 425
5457 425
2534 426
568 426
986 427
1487 427
3456 428
46 428
4426 428
1457 429
1256 429
2719 430
4100 430
1815 430
1695 430
5142 430
673 430
3489 431
3491 431
3416 431
3091 431
4065 432
495 432
4544 432
3393 432
191 433
1349 433
4943 434
3601 434
1074 435
1557 436
1217 437
1897 438
4134 438
3281 438
1726 438
3589 438
3276 438
808 438
4136 439
1168 440
1495 440
1118 440
3711 440
445 440
3708 440
3341 440
4496 440
5311 440
1332 441
4232 442
5351 442
278 442
4299 442
2578 442
4984 442
4207 442
4295 442
890 442
794 442
2291 442
1197 442
5177 442
1717 442
2971 442
360 442
3576 442
28 442
3619 442
4893 443
479 444
2842 444
3596 445
2852 445
3597 445
3497 445
2742 445
3013 445
4960 446
4434 446
1310 446
4989 446
2571 446
5677 447
2389 447
409 447
5415 447
620 447
3373 448
4227 449
2271 450
2167 451
1456 451
52 451
3858 451
5128 452
3559 452
3852 452
1527 452
1670 452
4446 452
4598 452
1678 452
3833 452
1238 452
4250 452
156 452
5449 452
5388 452
321 452
5373 452
1077 452
181 452
2865 453
264 454
3049 455
950 455
2720 455
4370 456
5673 456
962 456
4990 456
4906 456
4200 456
2568 457
510 458
2455 458
1831 459
186 460
1819 460
1228 460
4911 460
4468 461
4472 461
474 462
5464 462
3683 462
4971 462
2962 462
844 462
1569 462
2580 463
1516 463
1767 464
3097 465
1255 465
1981 465
4445 465
3564 466
3647 467
4421 467
4950 467
174 467
1869 467
1023 467
3157 467
501 467
2143 467
1073 467
4310 467
1105 467
3768 467
3753 467
1826 468
691 469
3287 470
1355 470
778 470
4401 471
3459 472
4047 472
2090 473
5082 474
2814 474
1644 474
4620 474
2499 474
4684 474
3474 474
3475 474
3352 474
2387 474
3746 474
2384 474
3622 474
4817 474
636 474
4840 474
4715 474
5463 474
3845 474
982 474
4500 474
2216 474
4179 474
542 474
604 474
4545 474
701 475
462 476
1589 476
1208 477
834 478
1716 478
1730 478
2264 478
4610 478
2262 478
1743 478
4333 479
4704 479
5527 479
4404 479
1523 479
4408 479
1813 479
1633 479
1291 479
1807 479
3452 479
1282 479
4790 479
639 479
2394 480
2099 481
4436 481
2457 481
1923 481
2747 481
2221 481
5103 481
3229 481
1863 481
1575 482
4568 483
5637 483
4564 483
3295 483
5371 483
3992 483
5722 484
4353 484
5724 484
5481 484
5480 484
853 484
3761 484
2877 484
4064 485
2988 485
5707 485
2748 485
5 485
1848 485
74 485
1477 485
325 485
1112 485
1901 485
3692 485
4343 485
1064 485
925 485
5119 485
2816 485
1342 485
1814 485
2705 485
379 485
2149 485
353 485
2906 485
4548 485
2362 485
3170 485
3584 485
122 485
5440 485
2445 486
5442 486
2198 486
1864 487
4311 487
1138 487
262 488
967 488
4368 489
1969 489
1249 489
5118 489
4653 489
706 489
2895 489
4051 489
910 489
5421 489
5329 489
3267 489
484 489
2878 489
2241 489
2061 489
1758 489
5551 489
1622 489
2695 490
451 490
759 490
5533 490
740 490
2098 491
1511 491
2679 491
1918 491
2257 491
2259 491
2083 492
5522 493
2718 493
4644 493
1646 493
472 493
5732 493
2707 493
5662 493
1148 493
5540 493
457 493
3550 493
5408 493
3074 493
299 493
1999 493
4355 494
2624 494
2717 494
4352 494
5696 494
5632 494
5008 494
5441 495
2763 496
640 497
50 498
4435 498
35 499
685 499
679 499
4925 499
347 499
2585 499
5157 499
2286 499
4631 499
4661 499
2158 499
3347 499
4970 499
3306 499
4664 499
4634 499
3560 500
747 501
2641 501
1640 501
4569 501
4433 501
584 501
1632 501
3879 501
1498 501
3288 501
4687 501
5367 501
5096 501
804 501
4021 501
4084 501
4964 501
4086 501
5270 501
2215 501
2486 501
4665 501
2942 501
3369 502
3918 502
3372 502
339 502
4111 502
315 503
5198 504
1371 505
5439 505
4567 505
2533 505
5359 505
5123 505
4565 505
2380 505
1364 505
3943 505
534 505
4344 505
560 505
59 505
3056 505
3107 505
901 505
1967 505
1961 505
3212 505
5061 505
4721 506
3060 506
4667 507
3395 507
2822 508
3869 508
4366 508
1582 509
4113 509
2692 509
4184 509
3542 510
3547 510
210 511
2069 512
2076 512
2079 512
4707 513
5539 513
3508 513
2163 513
5508 513
5639 513
4424 513
5339 514
2097 515
2430 515
3885 516
5744 516
544 517
592 518
1698 518
3253 518
2082 519
698 519
1431 519
1177 520
3938 520
271 520
4663 521
5065 521
4710 521
2678 521
53 521
4407 521
765 521
3605 521
3417 522
1822 523
154 523
3400 523
1472 523
4378 523
3397 523
4383 523
2909 523
2913 524
5033 524
2381 524
3903 525
3824 525
1373 525
2220 525
387 525
4239 526
179 526
3756 526
4594 527
4441 527
2153 527
5243 528
5524 528
4936 528
1061 528
1781 529
1721 529
1493 530
2506 531
1922 531
3473 532
1760 532
4054 532
5384 533
579 533
5745 533
3332 533
4400 534
5348 534
4742 534
5627 534
5352 534
553 534
258 534
3269 534
4385 534
565 534
3273 534
5717 534
4396 534
4755 534
1524 534
3319 534
4034 534
32 534
2577 534
2476 534
4036 534
647 534
1741 534
3322 534
771 534
1517 534
4482 534
1759 534
5280 534
1975 534
5281 534
1971 534
2501 534
3772 534
348 534
2137 534
743 534
195 534
4214 534
5661 534
4345 534
5547 534
4221 534
4340 534
4700 534
5549 534
578 534
4705 534
511 534
585 534
108 534
1062 534
376 534
2634 534
121 534
3066 535
2358 535
634 535
1338 536
4203 537
3818 538
1354 539
72 539
5681 539
2453 539
1299 540
2337 541
2596 541
2364 541
1703 542
5344 543
5692 544
2019 544
1889 545
1957 546
4019 546
2650 546
3717 547
4017 547
1278 547
5469 548
3002 548
1735 548
1413 548
1085 548
2403 548
1994 548
1676 548
1127 548
3872 548
2616 548
3629 549
2550 549
160 550
3077 550
2700 551
423 551
4570 552
4052 552
2192 553
4714 554
3612 555
1578 555
5003 555
2352 556
3574 556
4002 556
3936 556
1995 556
3465 556
1288 557
862 557
135 557
3441 558
2690 559
4420 560
1647 560
1838 561
1132 561
3555 561
1235 561
5257 561
721 561
2665 561
2172 561
863 561
4718 561
4561 561
241 561
802 562
3853 563
4194 563
4193 563
2526 564
4591 564
3778 564
3774 564
4486 564
3806 564
3730 565
1026 565
1010 565
2199 565
3152 566
1914 567
3221 567
1952 567
4106 567
4804 567
1317 567
913 567
689 567
4097 568
4783 568
3166 568
1065 568
458 568
734 568
1059 568
678 568
4444 568
2027 568
3334 568
5472 568
372 569
2442 569
2917 569
1845 569
3801 569
3842 569
498 569
2824 569
1121 569
2116 569
2253 569
3896 569
5375 569
603 569
2998 569
5682 569
3789 569
2181 569
4633 569
805 570
4049 570
2887 570
2632 570
2073 570
4425 570
2892 570
1531 570
1613 571
428 571
1755 571
421 571
302 571
3777 572
889 572
1719 573
5379 573
5507 574
4252 574
1305 575
1039 575
559 575
3652 575
999 575
2953 576
2931 577
3728 577
3731 577
5196 578
4267 578
3986 578
2210 578
5328 579
2611 580
4689 581
3855 582
3703 582
708 583
1990 584
5715 584
3583 584
290 585
1429 585
3748 586
1749 586
1704 587
4150 588
869 588
3100 589
3032 590
5120 590
361 590
687 591
4902 591
848 591
231 591
1512 591
2721 591
3912 592
3466 592
3499 592
3042 592
2807 592
3671 592
1691 592
1607 592
672 592
4293 593
2261 593
2438 593
2881 594
2520 594
2101 594
406 594
4413 594
3656 595
583 595
3114 596
1823 596
1290 596
1150 596
274 596
2354 596
1818 596
5136 596
1192 596
723 597
1984 598
4158 598
1884 599
1308 599
4358 600
3053 601
5634 602
90 602
1190 603
2785 603
363 603
280 604
1614 605
3960 606
2218 606
5434 607
1391 607
4801 607
4566 607
3874 607
5563 608
1847 609
3914 610
4923 611
5365 612
2613 612
3315 612
2610 612
4834 612
4702 612
5483 613
3949 614
5030 614
5231 615
5101 615
2536 615
988 615
3192 615
4850 615
385 616
2454 616
2644 617
5323 617
4959 618
1977 618
3645 619
2773 619
2204 620
4894 620
831 620
4411 620
5488 620
4141 620
806 620
1657 620
4154 620
4636 620
4632 620
5736 620
5742 620
2954 620
2236 620
3798 620
5189 620
2227 620
316 620
2944 620
2697 620
3784 620
1383 620
1307 620
5162 620
5644 620
4948 620
5165 620
886 620
350 620
4955 620
2263 620
4958 620
3207 620
1829 620
2240 620
3250 620
2303 620
1339 620
4986 620
4169 620
4717 620
378 620
4720 620
4963 620
3507 620
1802 620
2282 620
3236 620
843 620
4735 620
3518 620
1223 620
5018 620
2314 620
5014 620
5355 620
404 620
3155 620
2869 620
5006 620
2022 620
4284 620
4515 620
1483 620
4516 620
4992 620
2007 620
2587 620
4769 620
5032 620
905 620
904 620
903 620
902 620
5029 620
3440 620
3096 620
2672 620
5556 620
1434 620
2139 620
741 620
3094 620
761 620
2932 620
2937 620
452 620
5548 620
2668 620
2891 620
3362 620
3367 620
5505 620
3593 620
2157 620
3378 620
2155 620
5629 621
3106 621
3785 622
918 622
4223 622
1778 623
289 623
3232 623
66 623
4777 623
3283 623
3467 623
1935 623
1891 623
1027 623
2273 623
5537 624
5435 624
5303 624
4812 624
4315 624
2660 624
5304 624
4506 625
850 625
3298 625
2553 625
4656 625
3162 625
2740 625
3621 625
503 625
3755 625
3942 625
3993 625
1835 626
3701 626
4224 627
1109 627
3543 628
2666 628
1754 628
1319 628
4899 629
2540 630
3070 631
803 631
2211 631
993 631
5325 631
4968 631
5720 632
5368 632
5135 633
5645 634
2511 634
3048 634
5641 634
817 634
2072 634
1091 634
4692 634
4998 634
873 634
1106 634
4978 634
3734 634
3913 634
1544 634
2710 634
4041 634
5261 634
5262 634
1203 634
4660 634
1805 634
5269 634
1505 634
2970 634
4896 634
3984 634
5448 634
1144 634
3985 634
4966 634
5273 634
1797 634
5443 634
322 635
784 635
3028 635
2546 635
1951 636
6 637
1910 637
1502 638
4143 638
3994 638
4820 638
5282 639
2554 639
3714 639
2888 639
27 639
1947 639
1007 640
907 641
5500 642
2750 642
884 643
3104 643
4574 644
3035 644
4253 644
3515 644
4144 645
4562 645
3988 646
1146 646
3063 646
1742 646
3928 647
4067 648
595 648
1304 648
1019 648
4330 648
1697 648
490 648
1194 648
2621 648
4024 648
1513 648
1468 648
3484 648
2146 649
1783 649
5447 649
4325 649
5624 649
5432 650
442 650
2848 650
5619 650
173 650
3932 650
4044 651
593 652
1964 652
1556 652
4362 653
1944 653
4916 654
5691 654
2854 655
1968 655
2645 655
5708 655
5085 655
2851 655
2950 655
400 655
4805 655
3182 655
666 655
1780 655
4149 655
5712 655
1450 655
5275 656
5247 657
5426 657
1081 658
667 658
5670 658
5220 658
572 658
1570 658
1090 658
2373 659
5405 659
4030 659
2395 659
1407 660
4384 661
1983 661
1095 661
275 662
1598 662
2567 662
2900 662
3534 662
3726 662
2376 662
3274 663
2202 664
1314 664
2016 665
2947 665
4659 666
5305 666
3342 667
273 668
654 668
3907 668
638 668
1014 668
3875 669
401 670
4994 670
4534 670
996 671
3614 672
648 673
3144 674
1021 674
4875 674
2030 674
1637 674
1420 674
4645 675
1075 676
3471 676
611 677
4233 677
5502 677
1700 677
4236 677
4328 677
1709 677
5532 677
5126 677
1624 677
2285 677
4489 677
665 677
2563 677
931 677
4039 678
4619 678
5560 679
1067 680
882 680
5089 680
3582 680
244 680
1878 680
1302 680
2558 681
5460 681
5205 682
2089 682
4601 683
1432 683
5342 683
4266 684
3673 684
3974 684
4195 684
5674 684
3492 684
1576 684
2010 684
3191 684
5669 684
4802 684
3939 684
3804 684
1681 684
4053 684
4666 684
997 684
4485 684
3079 684
5541 685
3119 685
1346 686
4557 687
5738 688
1020 689
3916 689
1775 689
757 690
4131 691
5366 691
3018 692
248 692
5255 692
932 692
2828 692
2229 692
2193 693
1153 694
3205 695
728 696
292 696
4493 696
3554 696
3311 696
635 696
3551 696
1724 696
1111 696
994 696
367 696
914 696
5431 696
371 697
1962 697
860 697
4522 698
4851 699
3331 699
3231 699
440 700
4301 700
5622 700
788 700
309 700
2311 700
4800 700
1739 700
5625 700
4533 700
12 700
2497 700
1389 700
733 700
2766 700
3024 700
4339 700
5610 700
3654 700
2426 700
2401 701
1488 701
1618 701
3260 701
1866 702
5695 702
4607 702
2320 702
4935 702
369 702
3549 702
3158 702
3105 702
3187 702
1571 702
4229 703
5382 704
4367 705
3303 706
4507 707
2443 707
5468 707
1264 707
5241 707
4153 707
1116 708
5000 708
4133 708
1602 708
2014 708
3275 708
4348 709
763 710
4523 710
216 710
4 710
1156 710
5672 710
11 710
5301 711
43 712
1227 713
368 714
111 715
100 716
4499 717
5197 718
4300 718
2305 718
1103 718
3161 718
5300 718
2708 718
432 718
2313 718
5175 718
1352 719
2309 719
2817 720
3657 721
5204 722
4452 723
5074 723
5168 723
573 723
587 723
1688 724
4316 725
1650 725
1259 725
182 725
1715 726
5688 726
4895 726
2845 726
3159 727
227 727
518 728
5287 728
67 728
4740 728
403 728
4595 728
5723 728
185 728
4016 728
4727 728
4762 728
3350 728
1585 728
5414 728
4246 728
840 729
3762 730
1604 730
1241 730
5308 730
2475 731
847 732
4466 733
3679 733
1161 734
5567 735
4326 736
5749 736
926 737
1507 737
3937 737
3600 737
2735 738
1050 738
3072 738
3284 739
1549 739
849 739
5228 739
4369 739
1133 739
2477 739
1875 739
4042 739
5013 739
796 739
4009 739
2618 739
1987 739
1359 739
3358 739
2833 739
2699 739
3920 739
1274 739
5475 739
3587 739
3244 739
1480 739
4115 740
1154 740
1414 741
3982 741
4870 742
4145 742
3133 742
5001 742
1630 742
1620 742
1731 743
4891 743
3168 743
1898 744
1324 744
2615 745
5553 746
4605 746
4004 746
1018 746
5160 746
4609 746
4003 746
1218 746
1841 746
4008 746
5179 746
3963 746
4867 746
1005 746
2663 746
1834 746
3624 746
5603 746
3087 746
335 746
1895 746
4095 746
5590 746
5115 746
5114 746
1887 746
3134 746
4046 746
4231 746
5333 746
5036 746
4423 746
533 746
1386 746
491 746
1559 746
4360 746
1453 746
4304 746
483 746
5613 747
5291 747
1297 747
5295 747
1788 747
240 747
1872 748
1752 749
5154 750
1533 750
2685 750
3046 750
2928 750
3384 750
2255 750
2490 750
399 750
4866 750
5686 750
3174 750
4756 750
5372 750
4093 750
4277 750
758 751
439 751
247 752
70 753
4327 753
2173 753
2924 753
4520 753
5264 753
2186 753
3934 753
836 753
430 753
5409 753
2177 753
1756 753
3926 753
2183 753
5651 753
120 753
5102 754
995 754
228 755
5242 756
2713 756
4838 756
391 757
1306 758
1609 758
714 758
2712 758
3851 758
5314 758
2860 758
5493 758
5701 758
3669 758
3263 758
1395 758
2410 758
344 758
4931 758
3808 758
692 758
3487 758
897 758
3195 759
4123 759
3856 759
766 760
1535 760
19 761
1248 762
235 763
2302 764
1702 764
5297 764
609 764
1042 764
3248 765
2726 765
2620 765
2374 766
1763 766
4211 766
3415 766
4822 766
4967 767
2297 767
3088 767
5296 768
5195 768
2246 768
5589 769
675 769
4165 770
581 770
282 770
4478 770
4479 770
1811 770
1809 770
3184 770
5445 770
487 770
4427 770
4786 770
4784 770
1184 771
4779 771
2371 771
2188 771
4551 771
1178 771
4272 771
4031 771
5321 771
3468 771
2684 771
1031 771
1015 771
4180 772
3136 772
1180 772
2821 773
352 774
1552 774
2488 775
5229 776
196 776
4403 777
3023 777
5320 777
2946 777
3503 777
2185 777
3355 777
4897 777
1052 777
3509 777
4789 777
4273 777
4848 777
2425 777
2514 777
2873 777
3720 777
777 777
2212 777
2231 778
4255 779
4088 779
1830 779
4092 779
3793 780
2440 780
1269 780
4745 780
3278 780
1518 780
1171 781
3426 781
835 782
855 782
2573 782
2992 782
3737 782
3702 782
1893 782
1335 782
2639 782
1101 783
3217 783
3219 783
308 783
2919 783
1008 783
3226 783
792 783
5604 783
800 783
3206 783
3863 783
3209 783
3308 783
934 783
5279 783
703 784
4363 785
3368 786
2412 786
3592 787
4940 787
3781 788
3828 788
2378 788
1361 788
1473 789
1692 789
5581 789
4823 789
551 790
3463 791
3461 791
3296 791
1827 791
3285 792
767 792
5729 792
1790 792
2858 792
2366 792
3653 793
4387 794
382 794
3300 795
1606 795
5109 796
3599 797
5600 797
1430 797
2730 797
4831 797
4725 797
1423 797
3876 798
3782 799
2626 800
4270 800
5404 800
4980 801
3478 801
1445 801
2463 801
719 801
2963 801
136 802
1605 802
2751 803
5436 803
2308 803
4603 803
865 803
5071 803
4222 803
4757 803
3895 803
1287 803
3408 803
3131 803
1526 803
1820 803
5193 803
3494 803
2588 803
2535 803
5046 803
1674 803
118 803
1680 803
4176 803
5149 803
1988 803
3580 803
4550 803
2754 803
1929 803
4259 804
3458 805
4795 806
2310 806
5129 807
1608 807
1220 807
608 807
5284 807
1435 807
1768 807
1165 807
3839 807
3805 807
3602 807
2598 807
327 807
909 807
2732 807
4388 807
488 807
2729 807
485 807
3894 807
4517 807
390 807
84 808
2552 808
4865 808
402 808
5221 808
4952 808
3606 808
5646 809
4541 809
1708 809
5693 810
4749 811
2252 812
939 812
5294 812
3745 813
1506 813
1494 814
1500 814
2544 815
989 816
2435 816
5679 817
3200 817
204 817
1145 817
2180 817
4170 817
1239 818
5035 818
1163 819
1137 820
4020 821
4824 821
1424 821
1854 821
4001 821
4793 821
4467 821
3846 821
2450 821
5458 821
3012 821
1520 822
4697 823
5124 823
1175 824
5378 824
2428 824
4592 824
3482 825
3486 825
2836 826
2034 827
3525 827
2006 827
4776 827
1402 827
78 827
3531 827
2794 827
3541 827
1172 827
4828 827
3933 827
3537 827
2125 827
3211 827
2154 827
3544 827
2474 828
4649 828
2386 829
5211 829
68 830
206 830
2907 830
5236 830
314 830
5010 830
4291 830
4453 831
1080 831
4451 831
2131 831
4904 831
4578 831
5385 832
5694 833
3972 833
98 833
2206 833
416 833
4558 834
4944 834
4624 834
3346 835
2834 836
2265 837
3882 837
1892 837
1035 838
5051 838
2966 838
1651 838
2936 838
1231 838
2399 839
5467 840
5465 840
1001 841
3420 841
2233 841
2444 841
3860 841
2328 841
1438 841
1240 841
3578 841
5689 842
2592 843
3763 844
3898 844
3228 844
2256 844
1723 844
3545 844
152 845
942 845
175 845
5048 845
3413 845
1277 845
602 845
4973 845
3411 845
4577 845
1347 845
5043 845
5566 845
1896 846
1786 846
5699 846
3739 846
4782 847
5086 847
2327 848
2189 849
2222 849
76 850
4780 851
1476 851
5034 851
5652 851
712 852
5111 853
1471 853
4869 854
336 854
2830 854
842 854
297 854
5433 855
4590 855
117 855
3813 855
202 855
3073 855
3075 855
2484 856
643 856
3054 857
1151 858
1597 858
612 858
296 858
127 858
1770 858
1392 858
438 858
2859 858
5037 859
5039 859
2479 860
3650 861
1316 861
2150 862
2420 862
2066 862
816 862
3604 862
1063 862
1029 862
214 863
4218 863
4260 863
5614 864
5163 865
3196 865
312 865
4807 865
1048 865
4929 865
3809 865
188 865
3510 865
628 865
2451 865
4463 865
332 865
5655 865
2551 865
2334 865
2875 865
880 866
3705 867
3699 867
3383 867
1685 868
1188 868
3956 868
3257 869
5623 870
5364 870
2702 870
5252 870
3568 870
2647 870
3571 870
686 871
5703 871
822 872
3965 872
3698 872
2249 873
4915 874
4924 874
1261 874
1072 874
1078 874
3314 875
3757 875
3590 875
2993 875
3603 875
4364 875
3481 876
5462 877
1409 878
1224 878
3199 879
2375 879
3197 879
3085 879
4243 879
1411 880
5727 880
2991 881
2232 882
4393 882
799 882
5653 882
4409 882
2617 883
2853 884
1643 884
2355 884
1671 884
883 884
717 884
4208 884
2850 884
1547 884
2689 884
2228 884
1152 885
5021 885
4391 885
1765 885
5081 886
4625 886
5084 886
1437 886
1751 887
4672 888
2423 888
1200 888
5100 888
5450 888
1071 888
2070 888
79 888
5700 888
5094 888
2513 888
937 889
1084 890
4673 891
5552 891
1762 891
746 891
2916 891
5558 891
473 891
2130 891
5561 891
1366 891
951 891
676 891
2458 891
4386 891
2113 891
4338 891
5316 891
2000 891
1341 891
2782 891
3428 891
4447 891
526 891
668 891
366 891
5090 891
1998 891
4907 891
5095 891
697 892
2306 893
408 893
2406 893
4372 893
4258 893
4323 893
467 893
284 893
2761 893
5176 893
4449 893
320 893
219 893
769 893
3208 893
540 893
2024 893
26 893
208 893
3888 893
2759 893
2238 894
1663 894
3519 894
4331 895
4438 896
2557 896
2560 896
2562 896
4854 896
1894 896
5397 896
2979 897
1107 897
1115 898
3681 899
4282 900
2812 900
789 901
3398 901
1443 902
2491 902
1461 902
1449 902
1439 902
1583 903
237 903
1900 903
5390 903
768 903
1419 903
1279 903
95 903
2316 903
1846 904
3188 905
4027 905
4761 906
4070 906
5594 906
1478 907
4881 908
2861 908
3095 908
5702 908
5592 908
4662 908
5038 908
4827 908
2903 908
3419 908
3418 908
3476 908
4549 908
1181 908
4993 908
1236 909
517 909
938 909
1243 909
1004 910
3668 910
998 910
4028 911
3041 911
4168 911
5470 912
3421 912
4494 912
64 912
3433 912
3495 912
749 912
4497 912
3500 912
3425 912
268 912
5719 912
4198 913
3390 913
5710 914
4162 914
4987 914
4743 914
2925 914
4289 914
3271 914
3265 914
5209 914
801 914
4018 914
5509 914
3513 914
5140 914
4546 914
5063 914
2910 914
180 914
1047 914
3108 914
5380 914
5675 915
5530 915
4976 916
217 917
550 918
660 918
1295 919
5423 919
4543 919
4220 919
893 919
2512 919
3930 920
2039 920
1108 920
3165 921
1853 921
2067 921
924 921
3254 921
444 921
2849 921
4640 921
1711 921
3636 921
4442 921
1976 921
319 921
5144 921
4798 921
5487 921
3387 921
2051 921
2847 921
1858 921
1141 921
1824 921
779 921
389 921
4708 922
4825 923
773 923
624 923
649 923
1628 923
1131 923
5134 923
2803 923
878 923
4114 924
4432 924
1446 924
1534 924
3501 924
1930 924
1452 924
3409 924
3245 924
3057 925
1000 926
3277 926
455 926
2329 926
3975 927
2201 928
87 928
3662 928
2324 928
2100 928
5545 928
4361 928
161 928
979 929
2658 930
4487 931
3887 932
1729 933
410 933
54 933
4713 933
4262 933
5267 934
1186 935
1890 935
4701 935
5456 935
1351 936
3359 937
1661 938
1874 938
3723 938
2436 938
1925 939
8 939
251 940
2071 940
230 940
1931 940
3752 940
5022 941
2132 941
2510 941
2203 941
2612 941
5640 941
5073 941
199 941
5638 941
130 941
466 941
4011 941
5626 941
3333 941
2323 941
5605 941
4691 941
3899 941
4864 941
4695 941
3812 941
1590 941
2604 941
2602 941
450 941
1720 941
31 941
2063 941
2234 941
1185 941
2344 941
4379 941
2349 941
5593 941
3366 941
710 941
4050 941
4726 941
5568 941
3391 941
4553 941
5088 941
1796 941
900 941
486 941
5092 941
4706 942
138 942
1937 942
2744 943
112 943
134 944
429 945
2614 946
3617 946
2547 947
3436 948
3689 948
1251 948
3022 948
5330 948
5494 949
2461 950
3316 951
4511 951
786 951
1250 951
412 951
3010 951
5184 951
5187 951
1120 951
4081 951
259 951
3203 951
3902 951
1839 951
3780 951
1993 951
3995 951
1422 951
2184 952
1867 952
4538 952
964 952
3160 953
4025 953
713 954
2340 954
263 954
5746 954
961 954
147 954
3126 954
2722 954
301 954
2778 955
3901 956
3128 956
3113 956
3935 956
3282 956
798 956
4753 956
3693 957
1771 957
4317 958
4335 958
427 958
5503 958
4313 958
4210 958
3815 958
3523 958
1130 958
1504 958
2494 958
143 958
4373 958
5477 958
4759 958
5012 958
5011 958
437 958
4247 958
3719 959
3676 959
859 959
3721 959
1877 959
2899 960
5654 961
2662 962
3357 962
1099 962
62 962
1155 963
921 963
4716 963
2266 964
4811 965
4498 965
5657 966
4043 966
1380 966
5438 967
2832 967
1902 968
4159 968
3344 969
1812 969
4322 970
2080 971
3849 971
588 971
2866 972
4032 973
1870 973
1490 973
4937 973
2179 973
2109 973
1808 973
5506 974
250 974
4455 975
2408 975
225 975
2128 976
1982 976
1496 976
2871 976
460 976
1006 976
2124 976
144 976
270 976
5739 976
1883 976
3854 976
1668 976
4919 976
5587 976
505 976
2342 976
2714 976
5398 976
1530 976
2531 976
2968 976
3865 976
4731 976
1136 976
3814 977
2055 977
1857 977
2586 977
5350 978
2165 979
2581 980
1989 980
5492 980
4954 980
782 980
4832 980
4956 980
4276 980
3634 981
866 982
4858 983
3709 983
3173 984
3464 985
2569 985
1275 986
539 986
3438 987
1034 987
1865 987
5713 987
1246 987
125 987
3940 987
5564 987
3380 987
3840 987
5076 987
482 987
2135 988
2134 988
5285 988
5288 988
1331 988
4921 988
5396 988
4922 988
567 988
1599 988
3067 988
4280 988
3178 988
2326 988
4177 988
4178 988
91 988
1033 989
5554 989
2986 989
2801 989
2045 989
1164 989
3836 989
5293 989
2456 989
155 989
4287 989
5725 989
694 989
3483 989
5411 989
5474 989
3485 989
791 989
5471 989
4302 989
3608 989
4844 989
1189 989
5599 989
3740 989
5598 989
4835 989
521 989
4381 989
1388 989
4422 989
2489 989
5266 989
1991 989
3449 989
3451 989
5151 989
2969 989
4190 989
4191 989
183 989
3029 989
5570 990
4271 991
1470 991
4182 992
1966 992
3142 993
3240 994
4459 994
1377 995
943 996
477 996
5526 996
1965 996
4026 996
947 996
3819 997
4536 998
4048 998
5206 998
3925 999
2050 1000
359 1000
1936 1000
819 1000
2190 1001
4058 1001
5735 1001
447 1002
4312 1003
3973 1004
1694 1004
1028 1004
1909 1005
3538 1006
1474 1006
97 1006
58 1006
605 1006
164 1006
4648 1007
4560 1008
1550 1009
1948 1010
4010 1010
266 1011
617 1012
5455 1013
5317 1013
3505 1013
3302 1013
1068 1013
4792 1013
1451 1013
2948 1013
875 1013
5516 1013
3216 1014
3573 1014
3051 1014
700 1014
2001 1014
277 1014
5633 1014
5159 1014
2409 1014
1960 1014
4873 1014
2411 1014
2776 1015
4750 1015
1761 1015
504 1015
4037 1015
785 1015
5424 1015
1126 1015
3664 1015
380 1015
3256 1015
5535 1015
194 1015
499 1015
2219 1015
2838 1015
5716 1015
4905 1015
1757 1015
1272 1015
2213 1015
2840 1015
151 1015
3225 1016
3117 1017
2260 1017
4059 1017
1769 1017
4927 1017
4062 1017
5310 1017
2739 1017
1537 1017
3290 1017
2452 1017
5454 1018
3779 1018
5584 1018
193 1018
4647 1019
1525 1019
2956 1019
4614 1019
1340 1019
650 1019
4652 1019
1333 1019
2111 1019
2653 1019
16 1019
5452 1019
1448 1019
2156 1019
3412 1019
5249 1020
4559 1020
3694 1020
1510 1021
291 1022
4876 1022
5334 1023
2058 1024
854 1025
176 1025
3019 1026
4589 1026
4810 1026
5391 1026
4882 1026
3952 1026
3396 1026
3392 1026
4957 1026
2517 1027
4688 1028
4694 1028
571 1028
4132 1029
94 1030
4283 1031
4470 1032
1372 1032
1311 1032
3402 1032
4405 1032
2141 1032
2981 1032
4892 1032
807 1032
4584 1032
3204 1032
4585 1032
1054 1032
2025 1032
5608 1032
4164 1032
4572 1032
5049 1032
5116 1032
5045 1032
1396 1032
2467 1032
1198 1032
2945 1032
2701 1032
2574 1032
2688 1032
1631 1033
1764 1033
2012 1033
4852 1033
2267 1034
2275 1034
1750 1035
3675 1036
2270 1036
3797 1036
3297 1036
3799 1036
2465 1036
178 1036
4787 1036
4874 1036
3349 1036
1334 1036
5734 1037
522 1037
3286 1038
4235 1038
1025 1038
2258 1038
5173 1038
545 1039
3190 1040
5067 1041
681 1042
4308 1042
4104 1042
5042 1042
187 1043
4096 1044
18 1044
2226 1044
1104 1044
1113 1045
2927 1045
2509 1046
4066 1046
3524 1046
2507 1046
4465 1046
1970 1046
9 1046
5153 1046
2075 1046
3770 1046
825 1046
1840 1046
5156 1046
1226 1046
621 1046
1232 1046
1592 1046
812 1046
5476 1046
809 1046
4216 1046
4099 1046
4841 1046
4161 1046
2886 1046
4845 1046
3968 1046
2295 1046
3904 1046
1193 1046
1330 1046
3502 1046
3427 1046
3235 1046
1202 1046
4248 1046
3036 1046
2159 1046
3110 1046
4063 1046
2570 1046
2960 1046
4733 1046
60 1046
2758 1046
5575 1047
1594 1047
1955 1047
2160 1047
5223 1047
1281 1047
5217 1047
1166 1047
3404 1048
2144 1048
4147 1049
5251 1049
5227 1049
3747 1049
397 1049
3832 1049
3620 1049
3651 1049
589 1049
3655 1049
4430 1050
4675 1051
4885 1051
5459 1051
1545 1052
1536 1052
1714 1053
5678 1054
5606 1054
5192 1054
3638 1054
1784 1054
2515 1054
3722 1054
3488 1055
3069 1055
2032 1056
3167 1056
201 1056
3950 1056
887 1056
4593 1056
3005 1056
2703 1056
1656 1056
2561 1056
3179 1056
3266 1056
417 1056
1280 1056
418 1056
1491 1057
4417 1057
1484 1057
1089 1057
3214 1057
1785 1058
1693 1059
2402 1060
5515 1060
2681 1060
3093 1060
4886 1061
5087 1061
4883 1061
682 1061
4611 1061
4596 1061
5356 1061
616 1061
2500 1061
2680 1061
826 1061
1410 1061
3268 1061
3270 1061
4829 1061
323 1061
3001 1061
3345 1061
4394 1061
1416 1061
4458 1061
4163 1061
4102 1061
4105 1061
978 1061
524 1061
5529 1061
5528 1061
5387 1061
3234 1061
1567 1061
1804 1061
5208 1061
4419 1061
597 1061
3649 1061
4480 1061
1382 1061
5207 1061
5091 1061
4788 1061
2637 1061
4307 1061
2427 1061
1554 1061
4527 1062
3043 1062
2170 1063
3423 1064
4679 1064
3967 1064
2918 1064
2797 1064
1921 1064
2555 1064
2529 1064
209 1064
981 1064
3682 1065
5485 1066
2855 1066
4285 1066
1041 1066
192 1066
4151 1067
2068 1067
295 1067
3911 1067
4974 1067
1584 1067
2357 1068
598 1068
4730 1068
1934 1068
245 1068
287 1068
4683 1069
2595 1070
2304 1071
5319 1071
5466 1071
1849 1071
2299 1071
4747 1071
858 1071
1365 1071
1573 1071
3354 1071
3716 1071
5361 1071
4155 1071
5306 1071
4669 1071
2300 1072
1906 1073
2287 1074
870 1074
2446 1075
396 1075
4188 1075
4189 1075
3724 1075
2013 1075
3627 1076
1376 1077
4219 1078
1254 1079
3751 1080
3749 1080
3327 1081
5574 1082
3923 1082
77 1082
3618 1083
2827 1083
5406 1084
973 1084
29 1084
4602 1085
3027 1085
2081 1086
1397 1087
5326 1087
2182 1088
1627 1089
5418 1089
2987 1089
4815 1089
3071 1089
1980 1089
3324 1089
2276 1089
3946 1090
4947 1091
331 1091
3807 1091
0 1092
2743 1093
3900 1094
1920 1094
3727 1094
4279 1094
3323 1094
1940 1095
200 1095
4898 1095
1009 1095
4122 1095
3533 1095
5277 1095
3109 1095
5224 1096
3991 1097
3886 1097
261 1097
42 1097
2377 1097
1205 1098
2015 1099
5410 1100
1837 1101
556 1101
109 1101
4995 1101
346 1101
1322 1102
3989 1102
83 1102
1368 1102
1687 1103
5353 1103
30 1103
21 1104
2044 1105
5133 1106
3970 1106
3434 1106
3924 1106
3769 1106
4022 1107
2724 1107
3239 1108
2651 1109
1963 1109
5338 1109
4785 1110
3764 1111
3929 1112
2997 1112
3514 1112
3305 1112
969 1113
207 1113
4006 1113
3220 1113
2416 1113
4087 1113
3460 1113
2603 1113
345 1113
285 1113
1842 1113
75 1113
760 1114
5259 1115
2974 1116
3377 1117
2105 1117
5615 1117
2104 1117
2318 1117
2448 1118
1455 1118
4249 1119
5647 1119
3083 1120
3050 1120
5016 1120
5501 1121
5230 1121
3339 1121
4951 1121
1462 1121
3312 1121
163 1121
1541 1121
3045 1121
3201 1121
1237 1121
4930 1121
594 1121
1787 1121
1791 1121
2112 1122
2115 1122
4160 1123
991 1124
4140 1124
5602 1125
625 1126
4796 1126
1682 1126
431 1126
4192 1126
1832 1127
751 1128
1093 1129
1216 1130
1210 1130
471 1130
2723 1130
478 1131
3099 1132
5245 1132
443 1132
4000 1132
2706 1132
2096 1133
2085 1133
2008 1133
3563 1133
2093 1133
3794 1134
810 1134
2530 1134
1379 1134
2813 1135
3910 1135
5478 1136
4680 1137
3530 1137
1706 1137
305 1138
2523 1138
5331 1138
5597 1138
4819 1138
3666 1138
2771 1138
2335 1138
3470 1138
5369 1138
4380 1138
4635 1138
3955 1139
1436 1139
3381 1140
513 1141
422 1141
2870 1142
1327 1142
5047 1142
3736 1142
5704 1143
4439 1143
1600 1143
5191 1143
5733 1143
1320 1143
4080 1143
4083 1143
596 1143
1325 1143
3177 1143
1591 1143
454 1143
574 1143
5473 1143
4457 1143
329 1143
845 1144
4490 1145
424 1145
4884 1145
506 1146
4816 1146
1417 1146
5489 1146
3504 1147
2447 1147
1593 1147
1428 1147
1309 1147
1713 1147
2398 1147
3787 1147
4109 1147
5201 1147
236 1148
17 1149
2629 1149
5499 1149
5377 1149
2619 1149
4737 1149
2984 1150
888 1150
340 1151
704 1151
2419 1152
992 1152
5108 1152
4142 1152
912 1152
45 1152
5299 1153
3733 1153
1336 1153
3353 1153
3735 1153
764 1153
2715 1153
4512 1153
3835 1153
2636 1153
4290 1153
3767 1154
5706 1154
93 1154
162 1154
3279 1154
4758 1154
4530 1154
4108 1154
5496 1155
2591 1155
5578 1155
5635 1155
1860 1155
15 1155
4354 1156
1286 1156
5402 1157
2469 1158
2503 1159
1040 1160
658 1161
5080 1162
5075 1162
4005 1163
5616 1163
5166 1163
2037 1163
5225 1163
2677 1163
3641 1163
4410 1163
349 1163
2982 1163
3394 1163
3771 1163
3873 1163
2048 1163
2929 1163
3750 1163
1350 1163
4579 1163
2669 1163
1611 1163
4711 1163
3021 1163
5256 1163
2347 1163
5665 1163
1625 1163
669 1163
2897 1163
1147 1163
732 1163
55 1163
2481 1163
2424 1163
4613 1164
2 1164
823 1164
2623 1164
2042 1164
1638 1164
1363 1164
4076 1164
4738 1164
2078 1164
153 1164
5007 1164
260 1164
695 1164
3138 1164
4101 1164
313 1164
2709 1164
1124 1164
5596 1164
4382 1164
5041 1164
3450 1164
2208 1164
2485 1164
1515 1164
1855 1164
476 1164
885 1164
5437 1164
3343 1164
1022 1164
3773 1164
5077 1164
4690 1164
1595 1164
1418 1164
2939 1164
632 1164
1722 1164
4576 1164
5412 1164
577 1164
5112 1164
5250 1164
5253 1164
4173 1164
5258 1164
1542 1164
4175 1164
1538 1164
5098 1164
116 1164
5148 1164
4552 1164
1425 1165
4808 1166
3826 1166
610 1166
5283 1166
2441 1166
2749 1166
5286 1166
2746 1166
4949 1166
5290 1166
1501 1166
2432 1166
2795 1166
2930 1166
2053 1166
2020 1166
5542 1166
3356 1166
2244 1166
2667 1166
2449 1166
3213 1166
149 1166
569 1166
4519 1166
5400 1166
375 1166
2164 1166
2407 1166
4375 1166
2781 1166
3020 1166
2564 1166
2565 1166
253 1166
3118 1166
2767 1166
4728 1166
1276 1166
3788 1166
5278 1166
1273 1166
5024 1167
2508 1168
3432 1168
4813 1168
446 1168
5618 1168
110 1168
2502 1168
3328 1168
5562 1168
5078 1168
1773 1168
3185 1168
5097 1168
4212 1168
1442 1168
4495 1168
4492 1168
5544 1168
5169 1168
1179 1168
5235 1168
3111 1168
5233 1168
222 1169
562 1169
1919 1169
2728 1169
4205 1169
876 1169
3754 1170
1088 1171
1234 1172
4390 1172
4392 1172
4298 1173
198 1174
2912 1175
4612 1175
1581 1175
5709 1175
1159 1175
1572 1175
1568 1175
946 1175
2805 1175
5066 1175
566 1175
5656 1175
3897 1175
5658 1175
3536 1175
5543 1175
4878 1175
4877 1175
2938 1175
5609 1175
5718 1175
5060 1175
5611 1175
4703 1175
879 1175
5052 1175
304 1175
5525 1175
1128 1175
3969 1175
5324 1175
1467 1175
2711 1175
4040 1175
2774 1175
5186 1175
5451 1175
1385 1175
5685 1175
724 1175
1795 1175
1555 1175
2908 1175
4245 1176
547 1177
837 1177
828 1177
3697 1177
41 1177
2413 1178
4857 1179
2091 1179
1069 1180
5486 1181
4856 1181
2985 1181
1816 1181
3329 1181
496 1181
481 1181
3031 1181
4045 1181
2978 1181
3493 1182
2965 1182
960 1182
948 1183
114 1184
1058 1185
3527 1186
3521 1186
881 1187
255 1187
1444 1187
2495 1187
3496 1187
3090 1187
2009 1187
2790 1187
5705 1188
2957 1188
5099 1188
1499 1188
4941 1188
5417 1189
475 1189
5741 1189
4471 1190
512 1190
2764 1190
3744 1191
4531 1191
742 1191
959 1192
4181 1193
5244 1193
3644 1193
1732 1193
398 1193
3648 1193
197 1193
783 1193
2393 1193
220 1194
3795 1194
952 1194
5161 1195
5511 1195
3539 1195
1916 1195
1718 1196
1686 1196
1566 1196
3163 1196
468 1196
5106 1196
5057 1196
1135 1197
169 1197
3337 1197
2018 1197
3643 1197
664 1197
141 1197
5362 1197
2114 1197
2237 1197
4483 1197
4376 1197
3186 1197
2350 1197
1587 1198
536 1199
4415 1199
5023 1200
3180 1200
671 1200
4778 1200
4464 1200
4071 1200
5028 1200
3361 1200
2397 1200
646 1200
2791 1200
537 1200
2857 1200
4171 1200
4130 1201
4677 1201
1460 1201
232 1201
515 1201
5731 1201
558 1201
2293 1201
5216 1201
1806 1201
5214 1201
4488 1201
158 1201
3086 1201
693 1201
3351 1201
1318 1202
1328 1203
1945 1203
5182 1204
5183 1204
864 1205
1699 1205
3388 1205
2783 1205
3310 1205
213 1205
1485 1205
663 1205
3765 1206
4818 1207
3803 1207
3522 1208
1705 1208
2187 1209
2696 1209
311 1210
3827 1211
3830 1211
4526 1211
2056 1211
307 1212
4116 1212
4406 1212
3375 1212
2996 1212
4029 1212
4241 1213
229 1214
269 1215
4146 1216
3831 1216
4597 1216
4580 1216
1738 1216
5428 1216
2841 1216
4961 1217
3658 1217
2915 1217
3802 1217
1911 1217
1219 1218
4350 1219
5620 1220
987 1220
4918 1220
5349 1220
684 1220
1766 1220
2140 1220
3775 1220
3847 1220
976 1220
2074 1220
1123 1220
4082 1220
730 1220
1619 1220
1793 1220
1654 1221
4226 1222
833 1223
744 1223
1257 1224
300 1225
3405 1226
971 1227
288 1227
2064 1227
729 1227
1051 1227
1011 1227
2348 1227
622 1227
1653 1227
1012 1228
137 1229
3120 1229
2196 1229
286 1229
1774 1229
1167 1229
3115 1229
5215 1229
4389 1229
5569 1229
5684 1229
5512 1229
4395 1229
2671 1229
3246 1229
2914 1230
5346 1230
683 1230
3640 1230
3639 1230
738 1230
1296 1230
4263 1230
1301 1230
1479 1230
392 1230
2254 1230
2054 1230
1888 1230
384 1230
2059 1230
3371 1230
381 1230
3360 1230
3567 1230
4440 1230
2480 1230
2548 1230
1142 1230
3175 1230
538 1230
3577 1231
1737 1232
3579 1232
642 1232
4600 1233
4997 1233
4202 1234
4261 1234
5523 1235
3919 1235
5559 1235
1885 1235
1489 1235
146 1235
4057 1235
1565 1236
3585 1237
525 1238
318 1239
5213 1240
1486 1241
1672 1241
4414 1241
3080 1242
85 1243
5416 1243
1415 1243
3877 1243
2518 1244
1915 1245
4265 1245
3401 1245
680 1245
3399 1245
1844 1245
5631 1245
3092 1245
3469 1245
2317 1245
1358 1245
2023 1245
3680 1245
3686 1245
2028 1245
508 1245
3915 1245
4033 1245
1733 1245
5313 1245
1532 1245
1736 1245
5668 1245
3905 1245
856 1245
3843 1245
2468 1245
2893 1245
2470 1245
1149 1245
2223 1245
2283 1245
4969 1245
1143 1245
2572 1245
2278 1245
2846 1245
3516 1245
1553 1245
5680 1245
1212 1245
726 1245
945 1246
5145 1247
1579 1247
4275 1247
3535 1248
441 1249
1665 1249
2036 1249
4774 1249
5104 1249
793 1249
4110 1249
1659 1249
5721 1249
2733 1249
5302 1249
1803 1249
23 1249
3546 1249
5276 1249
4060 1249
3557 1250
4556 1250
731 1250
4254 1250
2361 1250
2174 1250
4137 1250
2559 1251
413 1251
2011 1251
4264 1252
1393 1252
3630 1253
5318 1253
5617 1253
5498 1253
3594 1253
5595 1253
3941 1253
2844 1254
4329 1255
5312 1256
3947 1257
4917 1258
3859 1258
3210 1259
190 1260
1129 1260
4939 1261
1601 1261
2431 1261
5513 1261
2704 1261
1079 1261
5650 1261
5381 1261
2031 1261
5254 1262
3540 1263
781 1263
576 1264
1037 1264
1370 1264
3255 1264
2345 1264
4599 1264
3121 1264
5357 1264
5072 1264
1779 1264
5070 1264
2493 1264
2901 1264
5360 1264
4830 1264
5583 1264
4513 1264
1725 1264
2941 1264
4126 1264
2995 1264
1139 1265
3453 1266
3672 1266
1268 1266
633 1266
386 1267
1973 1268
1777 1268
5407 1269
3732 1270
5386 1270
1821 1270
3981 1270
4803 1270
2060 1270
3386 1271
5107 1272
1974 1273
1580 1273
958 1273
5020 1273
4128 1273
5642 1273
748 1273
142 1273
5636 1273
2863 1273
1639 1273
895 1273
4889 1273
2734 1273
4693 1273
4638 1273
1242 1273
1345 1273
2336 1273
4510 1273
2949 1273
4288 1273
5263 1273
5265 1273
5147 1273
4418 1273
5271 1273
5150 1273
4119 1273
1798 1273
5137 1273
4671 1273
3172 1273
5444 1273
5025 1273
965 1273
4484 1273
4303 1274
1215 1275
3291 1276
4764 1277
3000 1277
3003 1277
4073 1277
4768 1277
2171 1278
2242 1278
2725 1279
2524 1280
4962 1281
906 1281
3025 1281
2396 1281
4685 1281
3127 1281
3289 1281
3125 1281
2122 1281
4686 1281
591 1281
5643 1282
1384 1283
1378 1283
303 1283
3822 1284
2582 1285
2787 1285
2589 1285
2088 1286
2628 1287
1956 1288
2880 1288
3670 1288
3462 1289
613 1289
1102 1290
1097 1290
2052 1290
4938 1290
5649 1290
1066 1290
3198 1290
1458 1290
4846 1290
3194 1290
4847 1290
3193 1290
2826 1290
4920 1290
3978 1290
980 1290
1082 1290
5510 1290
2630 1290
1447 1290
246 1290
4240 1290
4849 1290
2483 1290
5518 1290
5683 1290
4853 1290
3713 1291
1546 1291
2885 1291
1463 1291
963 1291
1466 1291
2092 1291
3124 1291
411 1292
5497 1292
2292 1292
3890 1292
3966 1293
3725 1293
829 1293
3435 1294
2434 1294
1616 1294
754 1295
3816 1296
4069 1297
3047 1297
2831 1298
2694 1298
5131 1299
4814 1299
5358 1299
2346 1299
4107 1299
861 1299
626 1299
1985 1299
2284 1299
5363 1299
3237 1299
2280 1299
813 1299
57 1299
3058 1299
2943 1299
2825 1300
975 1301
465 1301
972 1302
355 1302
3156 1302
2549 1302
4616 1302
966 1302
5017 1303
4932 1304
4999 1304
5536 1305
1943 1305
2369 1305
1548 1306
941 1306
1002 1306
2239 1306
2205 1306
2876 1306
2209 1306
5534 1307
3529 1308
787 1309
4628 1310
4196 1310
92 1310
326 1311
2674 1311
4539 1311
1577 1311
5698 1311
4074 1311
5337 1311
5185 1311
3561 1311
4839 1311
2379 1311
4861 1312
5419 1313
2538 1313
1734 1313
5687 1313
915 1313
226 1313
5322 1313
5232 1313
1049 1314
1728 1314
2129 1314
1125 1314
3908 1315
3532 1316
5577 1317
;